 -0.00201831403262928  0.03558030536806651  0.05045828301840607  0.06417194832100348
  0.07756994310574901  0.09015682573467353  0.10187942483360665  0.11332256733618012
  0.12460614573335224  0.13527423351765447  0.14538977605217873  0.15543831473188566
  0.16550881808125723  0.17534632747053505  0.18500087563338274  0.19438181413619765
  0.20349010356683969  0.21245513216676110  0.22128539250185975  0.22992092864715227
  0.23840682905820965  0.24678873496389150  0.25509988173420478  0.26336668240020450
  0.27152111747731833  0.27963036869513797  0.28767190981163226  0.29562534192178047
  0.30352910394347404  0.31136819369744284  0.31913754988367316  0.32679103548717908
  0.33438428686058597  0.34197662049347094  0.34950525379519853  0.35714623864279604
  0.36479229711261724  0.37236221054913032  0.37985977097126816  0.38730421157913669
  0.39473103109361707  0.40218113168004122  0.40963657426127331  0.41711959460296905
  0.42467260322376083  0.43227047647092809  0.43985341048340842  0.44740600650991147
  0.45493771053944670  0.46243567090019899  0.46995650642496939  0.47749514138440663
  0.48506926509521131  0.49252566242450901  0.50031662928222342  0.50830593396831036
  0.51629209582128965  0.52424359923275965  0.53216998547898098  0.54010123792069453
  0.54804328182672002  0.55600567806932399  0.56402462838780232  0.57206683920937595
  0.58016040249640188  0.58822600324356922  0.59642797318237106  0.60523873907494963
  0.61401110665742542  0.62285120154858076  0.63186650419698953  0.64090386854872872
  0.64993327820560232  0.65897183872032028  0.66803948489628939  0.67722231891864082
  0.68646220720736406  0.69573731865873023  0.70580025645228772  0.71642019956769920
  0.72745754066244628  0.73870171750747959  0.75000224952128458  0.76157793139462682
  0.77347440190006467  0.78599639135858690  0.79896437001831910  0.81226153517817812
  0.82599602454032484  0.84057788854291315  0.85671241074322202  0.87491132728852850
  0.89436945043920035  0.91559248428387996  0.94036606869145767  1.00000000000000000
 -0.00251412760408005  0.00931407456952240  0.01943292118395200  0.02984579962960015
  0.04043435417603290  0.05087598008276216  0.06123454372541971  0.07179657542953019
  0.08266773735214719  0.09377630931795251  0.10500395059049937  0.11606379414121669
  0.12682643193412757  0.13729154421589604  0.14771105682398369  0.15811582404600821
  0.16849558574348017  0.17885689429323598  0.18922044699259610  0.19979184005738290
  0.21044865089824030  0.22131206139452675  0.23220002126773570  0.24284455268394842
  0.25323581650841326  0.26346599051757658  0.27366655958185360  0.28372724658165788
  0.29388535410423239  0.30440343945866100  0.31479866923413030  0.32508414769634109
  0.33537077561091833  0.34617558081861760  0.35715808687214479  0.36787198526475928
  0.37834110783207153  0.38888885206166612  0.39943344480556253  0.40998539596158329
  0.42023973608885096  0.43054529729402241  0.44095955652598201  0.45139495373929578
  0.46179077143787667  0.47240866878331855  0.48306057008478542  0.49371989656583654
  0.50427861302194188  0.51483616102764029  0.52525008526071248  0.53541898209032057
  0.54574810601097068  0.55595244164282975  0.56606975360697498  0.57589149146612273
  0.58591050870837036  0.59621755844611513  0.60669312510575446  0.61743818896134506
  0.62853542666497042  0.63990981831873373  0.65132092613635451  0.66225776309394735
  0.67316065462522412  0.68394906098803487  0.69456612744307522  0.70521446916940345
  0.71578234003684360  0.72641914800638308  0.73671297999247898  0.74704573310508549
  0.75774755446903896  0.76829648388694294  0.77876868659240117  0.78895325965066831
  0.79952618558165856  0.81008707447411099  0.82042737662210719  0.83074885491133288
  0.84196071001723294  0.85345548114822711  0.86418674211927859  0.87488579242197784
  0.88573246329249777  0.89654239994356011  0.90666465219163461  0.91665694369174910
  0.92684519457264869  0.93713785039898656  0.94741215646594290  0.95760834206004952
  0.96828160867370450  0.97872020493867995  0.98938694834663199  1.00000000000000000
  0.00496637645419014  0.00996249335064935  0.01530180884725791  0.02048063316219571
  0.02630833475208948  0.03222269198848086  0.03831420216844252  0.04472960313559468
  0.05134612607797559  0.05800461237703411  0.06459711184577523  0.07124773635635785
  0.07776601508393016  0.08420558524072783  0.09074217248293032  0.09732049727117068
  0.10403675744044256  0.11093174232419782  0.11793285673688732  0.12506933408273960
  0.13231312584823379  0.13957913196377847  0.14686597621752756  0.15415124078234799
  0.16140410457281437  0.16859788973248019  0.17568399633165707  0.18296673165700050
  0.19028446535392873  0.19770385904058665  0.20510104732494644  0.21254262320178283
  0.21999483914370932  0.22749655568976546  0.23507485874766623  0.24268235238690558
  0.25033513408618890  0.25815848946103592  0.26607783544657065  0.27408460103479448
  0.28223003332551017  0.29046786530281699  0.29870322168052149  0.30685990897260856
  0.31492795605345458  0.32299764726263314  0.33117121119105924  0.33944400629635935
  0.34775733298469241  0.35612274412278638  0.36455294335373317  0.37302919320032624
  0.38140404235689140  0.38980752738925450  0.39839560713842442  0.40716592922187200
  0.41595663278542305  0.42479061442794153  0.43359345524285786  0.44248549615487986
  0.45157331147657237  0.46077891061877424  0.47029747727086962  0.47994254470382353
  0.48963459246031965  0.49941039345343624  0.50907866824576031  0.51895107058103174
  0.52886825844459751  0.53886407267904923  0.54908677286781060  0.55960429139317958
  0.57052001528115714  0.58156246415799040  0.59273022917981832  0.60411074245223850
  0.61588180724560171  0.62793460031892367  0.64027043418766127  0.65289866382632900
  0.66612403085964778  0.67994439636018833  0.69427703324352563  0.70894922386244108
  0.72401659005118335  0.73968552853517811  0.75616689912880586  0.77350082531704545
  0.79164964499411927  0.81109050736497401  0.83196238235961273  0.85445483140445555
  0.87876827457648754  0.90713727251849252  0.94363977579428804  1.00000000000000000
 -0.01398332934464923  0.08413099712105679  0.11430998027695961  0.13567915559800722
  0.15350485557734445  0.16958727579139954  0.18431685493571948  0.19781229131210018
  0.21012734070023123  0.22153413850308609  0.23233852031075999  0.24272262208768142
  0.25262035861551435  0.26212592952109004  0.27130433710529211  0.28007278464262259
  0.28862194259503138  0.29677549604759101  0.30479019908792698  0.31260683652944493
  0.32021514751473751  0.32766256302623986  0.33493832640147936  0.34205257336893685
  0.34903177191139734  0.35594407033952158  0.36283485738420174  0.36968076935850741
  0.37653215816932134  0.38336107701545064  0.39003590002586913  0.39672947734943692
  0.40339948607267190  0.41004998302799767  0.41666488670244745  0.42316013886384196
  0.42973146663923262  0.43625361407008212  0.44261752896902257  0.44887455140915117
  0.45509523654621437  0.46128722178839765  0.46741665287010808  0.47353159964018954
  0.47963008758264952  0.48581080742702576  0.49202855952571611  0.49826363048892502
  0.50456810291634635  0.51090000698606364  0.51724689028262494  0.52358466776669932
  0.52990275113613816  0.53621516201978159  0.54250892944711027  0.54876120861374700
  0.55502140109714948  0.56129973941830091  0.56762243858092698  0.57400410667135171
  0.58041179407515187  0.58678026613420409  0.59321422147754144  0.59968879221914961
  0.60619915853939310  0.61277551986137391  0.61938563163479221  0.62604626403755970
  0.63281589607407063  0.63966610162587667  0.64653655747863081  0.65338241683032883
  0.66028555759890295  0.66735440471373708  0.67471490376760579  0.68224736858466717
  0.68986310974602538  0.69749364105086875  0.70509541027596601  0.71299705052350537
  0.72124152256104523  0.72982252822930083  0.73882535894103452  0.74819746915014318
  0.75805699693335338  0.76844589277443631  0.77919167954528878  0.79046354588792256
  0.80245924140420877  0.81523039729585867  0.82903130795301561  0.84469554411913361
  0.86264997714949443  0.88413718160845423  0.91493036791336924  1.00000000000000000
   66.554085235540413       -1.0000000000000000     
 T F F T F F F F F F F F T F F T F F F F F F F F F F F F F F F F
  <DiscreteSampler_grid>
  grouped_processes
  1 # 1 for a reference and 2 for a running grid.
  10 # Attribute 'min_bin_probing_points' of the grid.
  1 # Attribute 'grid_mode' of the grid. 1=='default',2=='initialization'
  0.0000000000000000 # Attribute 'small_contrib_threshold' of the grid.
  0.5000000000000000 # Attribute 'damping_power' of the grid.
 # binID   n_entries weight   weight_sqr   abs_weight
    10   10   1.749377087028947E+008   3.852221784668096E+016   1.749377087028947E+008
  </DiscreteSampler_grid>
