 -0.00160074026464249  0.02681252821621926  0.04222427059468753  0.05705482003301932
  0.07088092214491959  0.08401354239817498  0.09639362649294418  0.10837850339077877
  0.11991371349573618  0.13104711191074825  0.14174157384734160  0.15192208241188729
  0.16177975141005743  0.17135157301840737  0.18083178572308795  0.19016286650242478
  0.19925884230963697  0.20824593144871148  0.21715891959428094  0.22590380786515341
  0.23434456372500159  0.24258370588539177  0.25090048972868573  0.25942695680249483
  0.26789136271125247  0.27622467397847744  0.28446725348990115  0.29262235331148412
  0.30080174040478547  0.30892129234366572  0.31688962541812754  0.32477937935119616
  0.33256670047270426  0.34040021562864192  0.34817656222179966  0.35585965398123098
  0.36357450186479101  0.37122813043905073  0.37887875793300008  0.38652440570048885
  0.39416016678610977  0.40176228885282994  0.40927304816330540  0.41679228165365767
  0.42447929553019065  0.43220137957483534  0.43995907271602414  0.44771671142002545
  0.45560968505114047  0.46346309148171932  0.47132460455997305  0.47921316205210635
  0.48591882610439890  0.49227129360836958  0.49883693397912754  0.50548485952046496
  0.51207294919315793  0.51959782234521623  0.52779223902313843  0.53610014398559680
  0.54436143967235373  0.55260440167963432  0.56084179778118859  0.56907006083936074
  0.57731523309373545  0.58536243676762512  0.59395706454396480  0.60283980985116781
  0.61186131717935432  0.62092894308239077  0.63002888096930543  0.63920089613112752
  0.64847746269912188  0.65780021111405484  0.66721625208005031  0.67663259704071099
  0.68609248241471310  0.69565940557512562  0.70562417300499014  0.71636559018623291
  0.72791083969649861  0.73926463197117009  0.75084012562865809  0.76267923060703180
  0.77493383934000004  0.78768785578238887  0.80095318995081433  0.81473942046125036
  0.82923543276091194  0.84463207562790121  0.86335739689990532  0.88307251693664490
  0.90443938530283030  0.92919336800967345  0.96010569890331632  1.00000000000000000
 -0.00219121737092978  0.00925075056120867  0.01919001608506977  0.02962383121346605
  0.04025371574930842  0.05106021304552608  0.06180993112955763  0.07247091490466764
  0.08299317320164969  0.09371537357834205  0.10444441606069921  0.11511639561897874
  0.12593693804742956  0.13695304779052780  0.14781818519916889  0.15873581685078647
  0.16979131297809719  0.18096430652893822  0.19187123377446316  0.20273185396864621
  0.21355004112592516  0.22431603094285696  0.23492209115783524  0.24535909273005641
  0.25577697258384646  0.26618967389176013  0.27666003280236756  0.28715195534824212
  0.29777072553021600  0.30855151020307142  0.31941807449971282  0.33026911792647740
  0.34097637193590341  0.35159594676286415  0.36197632877803282  0.37185034202314526
  0.37952803986329620  0.38730408472403033  0.39501729078922265  0.40315440259257901
  0.41309623754595776  0.42367846170501533  0.43417105502085118  0.44472216250167712
  0.45539483173192863  0.46607014868386382  0.47667590376864355  0.48735446209958999
  0.49805589493722408  0.50872919492032653  0.51950202460987471  0.53040285465319026
  0.54143466518675987  0.55248001175256156  0.56355192381923480  0.57454449209456382
  0.58539777946409133  0.59618231686608336  0.60706736367325587  0.61803735410061011
  0.62894382487453149  0.63962353304457353  0.65022682093711870  0.66078699256899653
  0.67135451301365712  0.68177057284212805  0.69217772639711039  0.70263018204228334
  0.71328454716703371  0.72392827687919969  0.73441324804106489  0.74469484912073436
  0.75496807768674834  0.76531959714312026  0.77586290545767633  0.78666074025094024
  0.79763435675319161  0.80855998378331584  0.81935252028338190  0.83002924835621039
  0.84052011692424899  0.85078963409279607  0.86112582889940592  0.87159262409435567
  0.88233613368532859  0.89324033948652459  0.90436631675847579  0.91541858197094061
  0.92604300695986408  0.93660030212367595  0.94699041915181492  0.95740363633756997
  0.96815408914486456  0.97878493586057846  0.98949696360250505  1.00000000000000000
  0.00072191568695694  0.00147461454694555  0.00220488724316817  0.00297148443628839
  0.00467706481513384  0.00660887747522856  0.00838937986371806  0.01210074852884210
  0.01884473428196010  0.02562106906071386  0.03262018009705963  0.03954962740051001
  0.04656239916831129  0.05360984189514516  0.06063861401191962  0.06757373692596422
  0.07441464118822462  0.08129735083892799  0.08830132144742342  0.09536456893369163
  0.10243560897337665  0.10952432231389791  0.11666406419808122  0.12386129602152672
  0.13120544517061433  0.13868856817261671  0.14621986068763304  0.15374853984313794
  0.16119118476403257  0.16874867532781246  0.17641871662844466  0.18408934289806581
  0.19174711112553061  0.19941815826831291  0.20713067574315996  0.21488169094702000
  0.22263339227080134  0.23040354655569567  0.23824165523307425  0.24607038276450990
  0.25400750510936493  0.26200804501492525  0.27012260870507726  0.27833309157409108
  0.28652348985823822  0.29486442067419932  0.30332597476341822  0.31188831264627676
  0.32060586423329485  0.32937887548880029  0.33823961577550904  0.34722854942690262
  0.35649154644908387  0.36600833183707582  0.37554087598912228  0.38497997131938427
  0.39437535773310572  0.40386860069806846  0.41350667796228879  0.42319153491865535
  0.43284186141157993  0.44248631738873184  0.45226193339472104  0.46210380410906488
  0.47197254508359310  0.48207279710342843  0.49236128923169364  0.50282931507635220
  0.51363362223409992  0.52485996633243182  0.53641457802251358  0.54814560797126832
  0.55999087972364270  0.57196679868548483  0.58412803174957073  0.59656934199886613
  0.60933045630347848  0.62233034199198234  0.63533194381699931  0.64847797658844164
  0.66206044842191181  0.67635492486512183  0.69105481089089837  0.70608569340810423
  0.72127986835712743  0.73719889767423175  0.75373632948342606  0.77105008572738609
  0.78910644204188030  0.80851975971587309  0.82901629956699652  0.85145675649448904
  0.87689472807155844  0.90679142077472885  0.94464103434727553  1.00000000000000000
 -0.01362105707420671  0.08410916097874034  0.11648437635936086  0.13814188708240555
  0.15598695855812819  0.17182531849896673  0.18625986448150564  0.19956141382441597
  0.21196040496130122  0.22367981582554161  0.23474631760937020  0.24523323696088725
  0.25499449902658317  0.26414992766571233  0.27301532120967764  0.28165121679293226
  0.29007326340984929  0.29814075433590609  0.30598896962312944  0.31370899182486833
  0.32133064640064363  0.32887102801528328  0.33623595397596673  0.34337827547430810
  0.35041267498845480  0.35731020443628991  0.36412363865831565  0.37087996596474887
  0.37751072743064834  0.38409560932689091  0.39049411653073718  0.39613331351137882
  0.40119425137478743  0.40632928384699579  0.41143335193742564  0.41686643587108074
  0.42341962013760437  0.43009982507390915  0.43668562538018929  0.44323240955338911
  0.44974624254845086  0.45619044779777285  0.46253916188406952  0.46886155337535756
  0.47522624745360942  0.48154599211349319  0.48777974557060616  0.49401209757064946
  0.50024619154809213  0.50642290090783848  0.51259076840450901  0.51870374858153168
  0.52484537339094950  0.53095934648678933  0.53706629234086845  0.54327843485320770
  0.54953093847491152  0.55577341507282019  0.56202760565780518  0.56829824953914143
  0.57456767014736132  0.58086436990531942  0.58731415829265554  0.59404920059425692
  0.60080498053390219  0.60754763418554125  0.61427075572666590  0.62104799165382307
  0.62792375800223266  0.63490194131669930  0.64193849700759653  0.64901904896106588
  0.65612055514368417  0.66330585875267578  0.67068504971273235  0.67825162030231545
  0.68593769981607811  0.69386561469457564  0.70205722726781883  0.71038437857103875
  0.71911185782305020  0.72792552834163293  0.73703890210985101  0.74654116771240431
  0.75667714123856733  0.76724317095980354  0.77823339003660696  0.78973851130875483
  0.80208926829329452  0.81544007698646459  0.82998461258111056  0.84605636335213485
  0.86417996384204454  0.88561733052124192  0.91727430545085942  1.00000000000000000
   66.922903483843285       -1.0000000000000000     
 T F F T F F F F F F F F T F F T F F F F F F F F F F F F F F F F
  <DiscreteSampler_grid>
  grouped_processes
  1 # 1 for a reference and 2 for a running grid.
  10 # Attribute 'min_bin_probing_points' of the grid.
  1 # Attribute 'grid_mode' of the grid. 1=='default',2=='initialization'
  0.0000000000000000 # Attribute 'small_contrib_threshold' of the grid.
  0.5000000000000000 # Attribute 'damping_power' of the grid.
 # binID   n_entries weight   weight_sqr   abs_weight
    10   10   1.684299057777709E+008   4.122810666783998E+016   1.684299057777709E+008
  </DiscreteSampler_grid>
