 -0.00103178312743864  0.02274978890255345  0.03950353756727916  0.05382108535718459
  0.06764698479246978  0.08134812757377491  0.09392996842925104  0.10598077673815444
  0.11746447244572639  0.12842717676127985  0.13899438323429839  0.14922682976682852
  0.15928264260647423  0.16912157159882199  0.17890675755148527  0.18859569070021140
  0.19797454487599273  0.20701783792676284  0.21593891322378578  0.22474170493432868
  0.23350798134225043  0.24218207379334011  0.25079327149952890  0.25943801829404517
  0.26790829948860995  0.27627220081658699  0.28445726639326968  0.29250127160731831
  0.30057291243146989  0.30861946120004946  0.31658526000396320  0.32445368266308927
  0.33220284080707041  0.33990938902388956  0.34762166655677301  0.35536067137122573
  0.36313057714713748  0.37088208801309630  0.37860815263679953  0.38631375608426827
  0.39400322636755680  0.40170574668961695  0.40940250630028174  0.41708371801572242
  0.42490480553298315  0.43270106327327085  0.44046517923907802  0.44826646140373827
  0.45612561233386184  0.46397737657222055  0.47177852844314272  0.47949577283337497
  0.48712895855549937  0.49483004796934377  0.50266929131128835  0.51058951538751396
  0.51855724690728056  0.52652685284402057  0.53447539180917603  0.54246258152880533
  0.55046758419164199  0.55851337254541544  0.56654287878831688  0.57458518916361789
  0.58271292548883491  0.59100245738554613  0.59956642414574768  0.60848457495079056
  0.61725922869159089  0.62605356595673589  0.63500680178419422  0.64412680048085902
  0.65333078686280077  0.66256334395466998  0.67175811670475183  0.68097171475282381
  0.69032367181435172  0.69970061021606511  0.70917221452168100  0.72045702865591976
  0.73164633465245166  0.74291220080149034  0.75447706963580108  0.76637978057573408
  0.77856313434245983  0.79103451338855524  0.80376502967025520  0.81696159933835122
  0.83035072285806899  0.84621686722565825  0.86361592511338081  0.88242938564514428
  0.90299169700279314  0.92681548980494022  0.95756495374981232  1.00000000000000000
 -0.00240022575237867  0.00932066046855097  0.01900573334193382  0.02917666389214570
  0.03938480161326038  0.04969363059843596  0.06006018214586743  0.07055088888246376
  0.08106298867869249  0.09141912244109950  0.10189723889349181  0.11222360730613175
  0.12253242626763854  0.13249878130178191  0.14241492678963119  0.15247862897804093
  0.16250691663019759  0.17272097585096677  0.18290228677906931  0.19307421082027393
  0.20351189154783508  0.21409281642346381  0.22493937425854760  0.23552090567319153
  0.24592837868824324  0.25658278974282356  0.26741397220333574  0.27838947241598105
  0.28929418179894439  0.29977525275885619  0.31032387010956719  0.32078277915371683
  0.33117100913135811  0.34128244987239065  0.35127190177239725  0.36143098399292239
  0.37181125904260631  0.38220296319536884  0.39261649901029511  0.40287450025165145
  0.41324861073758079  0.42353053913666644  0.43379352235817253  0.44399110926221397
  0.45430828166868886  0.46458415010691662  0.47491911700863582  0.48535775770939071
  0.49616027802518264  0.50689708850883108  0.51762156899436862  0.52822565641095665
  0.53864221355106867  0.54883628241000648  0.55878972811642724  0.56870126207708749
  0.57868479667247785  0.58885848465356283  0.59939270792316068  0.61010252142399757
  0.62097659248735826  0.63182890870626673  0.64271122836485473  0.65332634053548544
  0.66363541136818371  0.67391032123060624  0.68416064464987258  0.69444139430142116
  0.70475058331731366  0.71539237791817201  0.72631297620298096  0.73723475975508779
  0.74816795450479590  0.75899644294895796  0.76984213085297759  0.78072672994528924
  0.79175701269122734  0.80286342203296712  0.81394856099974955  0.82496942637565307
  0.83598032393863553  0.84680207852978040  0.85761879967167587  0.86834163252992425
  0.87912533253435687  0.89028377772154521  0.90137857664157650  0.91264943030854273
  0.92363212810727324  0.93443187988799370  0.94520425794431184  0.95619490543888097
  0.96715195977620461  0.97812562429743855  0.98906800575815934  1.00000000000000000
  0.00088328217604507  0.00770525290486431  0.01414035666052214  0.02045021677837830
  0.02673372222264593  0.03299463640899736  0.03928612608013882  0.04574406607151203
  0.05226037588484179  0.05871435522159643  0.06504893499837244  0.07130386862880717
  0.07749156419582097  0.08371681428073481  0.09007694473132999  0.09659477540355764
  0.10325735058812641  0.11005752608810895  0.11691093057085400  0.12372946721863169
  0.13062739618958838  0.13760133311981643  0.14463618098931311  0.15175616968864142
  0.15890318852871482  0.16602131062830142  0.17316508127427982  0.18043029399810703
  0.18779046995555937  0.19517367876570738  0.20262403088204409  0.21009739868101773
  0.21750385812994208  0.22487714187477631  0.23228549073250365  0.23982317755727356
  0.24745817891979602  0.25511894515645589  0.26278875917049538  0.27044280808811810
  0.27807873913346121  0.28573437633720916  0.29348737644796796  0.30135582033670560
  0.30923090473155429  0.31730577601970866  0.32553919536675574  0.33388881695468653
  0.34250579791237412  0.35115720981859838  0.35976898670287266  0.36830441034543093
  0.37682505034689062  0.38534841791190161  0.39396515156275624  0.40277555174181162
  0.41178810398611160  0.42088676834375910  0.43013169611095081  0.43941860187647647
  0.44894136687279085  0.45854843590605010  0.46817867498784915  0.47792617251871622
  0.48775023568156350  0.49777115735606658  0.50800408373909500  0.51852823155079852
  0.52919949454329995  0.54001845599827480  0.55094462239979392  0.56200109774606677
  0.57304437300357058  0.58441476305959195  0.59570286442959020  0.60720870414541439
  0.61903693204971288  0.63109293763285645  0.64337863066260581  0.65605245137295687
  0.66910712885048174  0.68243323787860521  0.69638784846532842  0.71090312953155443
  0.72577503823922107  0.74093811335146853  0.75710443770571689  0.77456861472414862
  0.79267296139398657  0.81130618088465034  0.83095814994100914  0.85242719098096587
  0.87671957975404446  0.90559311477175486  0.94323511877248545  1.00000000000000000
  0.01126898901885534  0.08594742283946991  0.11497106745363303  0.13582674417477514
  0.15361288344893295  0.16954152445585441  0.18405787710710286  0.19739760109342497
  0.20973540981317804  0.22132634683481506  0.23223915950077112  0.24238343364576323
  0.25221296388438408  0.26179499265536449  0.27112705592601172  0.27963190529889925
  0.28778021773376261  0.29577437679699881  0.30359379678353743  0.31128243807924988
  0.31877551782567437  0.32612184030198932  0.33341007764558445  0.34064541051905123
  0.34788190068034486  0.35509202439653764  0.36216783709658174  0.36911396145739461
  0.37585475109492938  0.38242987785448135  0.38898650021989012  0.39556715503412104
  0.40216338313876920  0.40865551016794610  0.41507068837603850  0.42156028261660372
  0.42808583655654275  0.43452011170078453  0.44085121827578977  0.44712257715104442
  0.45339069906125667  0.45966168744481262  0.46589984982521959  0.47210605783830972
  0.47823953752012371  0.48429274005858375  0.49029290537163667  0.49637503220434581
  0.50249588644148835  0.50866081918060990  0.51479580148722370  0.52089463901880195
  0.52698450813818709  0.53308224662181192  0.53917890985927297  0.54519975274758070
  0.55112060903885540  0.55705048912329058  0.56299640673437878  0.56889730515003134
  0.57485099782229276  0.58087052125463046  0.58704954632033668  0.59331659445680052
  0.59955698788643041  0.60592169841005838  0.61251330334856491  0.61907025207157784
  0.62572520055727998  0.63283694571211024  0.64010653149214369  0.64739273834192890
  0.65471423516124150  0.66211882263748023  0.66968862613828883  0.67745540022878337
  0.68536220101024614  0.69342309294220739  0.70166593389191279  0.71013707732624931
  0.71907871334266327  0.72810771353642090  0.73757889905353069  0.74723978554585357
  0.75725691700790743  0.76753957893620028  0.77807016604697465  0.78899279757353613
  0.80057892335647196  0.81317262958285319  0.82724911109790367  0.84322295493599286
  0.86160880570645981  0.88357586113348363  0.91465312372096763  1.00000000000000000
   65.970679249259419       -1.0000000000000000     
 T F F T F F F F F F F F T F F T F F F F F F F F F F F F F F F F
  <DiscreteSampler_grid>
  grouped_processes
  1 # 1 for a reference and 2 for a running grid.
  10 # Attribute 'min_bin_probing_points' of the grid.
  1 # Attribute 'grid_mode' of the grid. 1=='default',2=='initialization'
  0.0000000000000000 # Attribute 'small_contrib_threshold' of the grid.
  0.5000000000000000 # Attribute 'damping_power' of the grid.
 # binID   n_entries weight   weight_sqr   abs_weight
    10   10   1.784202624859913E+008   3.904423012615855E+016   1.784202624859913E+008
  </DiscreteSampler_grid>
