 -0.00240086440815983  0.03111171815980094  0.04640560907416215  0.06050349916489252
  0.07355276890554274  0.08608821192588435  0.09793511879830201  0.10935046284777256
  0.12063144534222425  0.13163616278898252  0.14227297240544784  0.15250577354833367
  0.16240344969490247  0.17195281488059483  0.18126680068920129  0.19039864191886585
  0.19941492205042358  0.20840954077869278  0.21728924775443054  0.22597819876875810
  0.23454979340636170  0.24300885886333509  0.25142636232454157  0.25981961118431085
  0.26812344163537566  0.27630015527149471  0.28439894442431057  0.29240476751906946
  0.30045079218184162  0.30843977073027590  0.31629324686422416  0.32400737596433704
  0.33173568947126525  0.33938143800849846  0.34699441873241232  0.35467568821747353
  0.36236460110055807  0.36998228763343577  0.37752492402629201  0.38502709502407556
  0.39253023760789202  0.40003540934841975  0.40752978002666390  0.41503488952003076
  0.42257744190006430  0.43013496457602818  0.43759609966746643  0.44505047144418203
  0.45250571469507200  0.46005149582740362  0.46766115839773786  0.47527545606084176
  0.48286740009649631  0.49034200535537642  0.49795876208532053  0.50588798468148466
  0.51385138412642373  0.52186035775153250  0.52981605317016967  0.53780111963959143
  0.54578014432566624  0.55381552145927793  0.56190081412632031  0.56999691364183380
  0.57804998281167641  0.58599595735023569  0.59389704286003331  0.60293018046466795
  0.61179373962812689  0.62071044132588260  0.62968124232194500  0.63872027531915232
  0.64783055768598408  0.65700770172364198  0.66630061921045280  0.67582537024684686
  0.68533392218050504  0.69491338985797813  0.70449224310368874  0.71500675580532214
  0.72637000069611068  0.73779990010012775  0.74932100746238761  0.76112135995654384
  0.77318256132090768  0.78547743903965439  0.79814223316648825  0.81129548505819882
  0.82513551386743533  0.84002046014098342  0.85622413622237048  0.87483942270384052
  0.89427676783913979  0.91641726726025463  0.94171498627113304  1.00000000000000000
 -0.00258459152438562  0.01005021422242497  0.02051602902948104  0.03130831935776749
  0.04203709316210789  0.05253953519132700  0.06298324255430944  0.07358139155165271
  0.08425205866705164  0.09486240761760611  0.10535738994696697  0.11556665653645193
  0.12594594087478522  0.13574973838370150  0.14587596993328081  0.15594701851970161
  0.16592196594116407  0.17585619708158506  0.18581780475540755  0.19622879579450134
  0.20683850167905532  0.21737045669320276  0.22783565303313016  0.23830500471488045
  0.24872218555479059  0.25939168875279867  0.27032040343863262  0.28124564041550665
  0.29238032972564548  0.30314087691828834  0.31396945318077174  0.32460177804867496
  0.33534058415816609  0.34618969457094412  0.35703128586068028  0.36768478084882955
  0.37830912918442328  0.38893532122886965  0.39959090158064386  0.41018809480168217
  0.42068464822486962  0.43114717609872866  0.44169305432428213  0.45201239153582079
  0.46258658143198228  0.47329482708823750  0.48402213822549467  0.49446605112978875
  0.50490675775059679  0.51551201734542074  0.52585848277239056  0.53606631060314913
  0.54649237147656993  0.55718250307029826  0.56776073216193390  0.57806499441145764
  0.58843803335885159  0.59878112537178407  0.60927661589910753  0.61976917616550820
  0.63049454125377424  0.64133369201008295  0.65226502596383817  0.66336782337723121
  0.67408627094352114  0.68488754133825003  0.69556660947619675  0.70609039545038055
  0.71649284350017106  0.72695511482349517  0.73744655486158739  0.74801832639553134
  0.75840055543890639  0.76864430142168738  0.77878911341621482  0.78895644276396970
  0.79914619574815826  0.80929418791188967  0.81948772013154170  0.82965931187881625
  0.84012941291770471  0.85074692565602583  0.86165923806857747  0.87275835662826484
  0.88365818555918596  0.89465782023608564  0.90485017761907238  0.91532924241854208
  0.92598685446500995  0.93648123503110114  0.94707249674437155  0.95753562931581648
  0.96848110736840276  0.97904682817385402  0.98962206323769519  1.00000000000000000
  0.00847593845059499  0.01412054126987001  0.01878745427006330  0.02429173647374711
  0.03105896937055743  0.03745970909952502  0.04388083212420556  0.05035612449250260
  0.05686916258904730  0.06333186573740653  0.06972690458470721  0.07615154236045649
  0.08262210612957928  0.08918636924677975  0.09585631406343781  0.10258727404742554
  0.10933328016511545  0.11606936022407677  0.12285571177066809  0.12975163226430225
  0.13671410614968224  0.14372648487128650  0.15073197067048633  0.15785092622425251
  0.16495321397066695  0.17198733395573979  0.17902460977303894  0.18612429185164625
  0.19322294364103948  0.20030728430919972  0.20746373023699502  0.21479878865474569
  0.22214237838696305  0.22948312250011851  0.23687985925441571  0.24428809778826516
  0.25182020283989198  0.25958909812851005  0.26748588974009085  0.27534343061433708
  0.28317811963661710  0.29100214193751900  0.29878549442855229  0.30658750654939915
  0.31448532501721038  0.32250279617342692  0.33060719663832944  0.33879233537284781
  0.34710988309941726  0.35559142974853930  0.36413576927278257  0.37265306819734118
  0.38118291116124109  0.38994616159991186  0.39886396824776893  0.40793625811212658
  0.41701719192544451  0.42617599914073551  0.43534382973165275  0.44465048464541662
  0.45396820227998386  0.46354474681303964  0.47326145138991460  0.48315926113928109
  0.49319979218451948  0.50339234112823894  0.51372168580153432  0.52405205598610827
  0.53442975270133153  0.54491603127200250  0.55545286579933029  0.56624097890309666
  0.57714763664309965  0.58842206963144983  0.59970422367300324  0.61128128074500676
  0.62319807942245131  0.63539866687943392  0.64774760939956322  0.66035674474395201
  0.67328543248128125  0.68653041794847747  0.70008080541526774  0.71410833103519378
  0.72871333380805592  0.74399361583416290  0.76012267931910182  0.77713089004771330
  0.79479259059662732  0.81339560459230764  0.83311292114499702  0.85420376708986967
  0.87874390058218577  0.90736620780297961  0.94426112484225377  1.00000000000000000
 -0.01497087857242656  0.08375446734262773  0.11559207904849819  0.13764827943648988
  0.15574327442014030  0.17157062113790483  0.18583687804383878  0.19896599153879715
  0.21107100565587356  0.22232609173101756  0.23298401510463693  0.24306369003796019
  0.25281487054374224  0.26209773376920548  0.27115388142828628  0.27998245871507377
  0.28874481021284409  0.29733908551975052  0.30559558015601762  0.31359981722543157
  0.32139171010275680  0.32907465416976345  0.33667168260313207  0.34417344397355415
  0.35161279931356254  0.35896373486685834  0.36619503161652572  0.37337912299492959
  0.38034616856377712  0.38705956676706493  0.39371082983375605  0.40019105222180190
  0.40665870539039478  0.41314423675530015  0.41965280802757760  0.42615323086065343
  0.43254484748379379  0.43880537352745425  0.44497478623734765  0.45112443136447605
  0.45727002795613969  0.46333075510479066  0.46934217859497829  0.47534227898067660
  0.48129590039312464  0.48705280239644544  0.49281726025150585  0.49857666851895799
  0.50433219234692506  0.51011962544551581  0.51597391002323389  0.52190546782535252
  0.52805774822020157  0.53425272694652504  0.54045653041596398  0.54670168078265757
  0.55295596973418659  0.55924812199371121  0.56562068989055303  0.57202708714219641
  0.57856619724712610  0.58511049524332326  0.59155907790710471  0.59801676660653635
  0.60436921399484056  0.61071964012154334  0.61713231272150604  0.62366800259860911
  0.63039002503955222  0.63726320042527540  0.64422052384353645  0.65130203670706965
  0.65850978187197606  0.66582686830237037  0.67334417703132798  0.68103024948079771
  0.68880098270645918  0.69665553108701272  0.70463915368113106  0.71277869719500331
  0.72117504934206356  0.72987825376254922  0.73906236066282149  0.74856197828453741
  0.75849648800157299  0.76882218223207999  0.77963121483054831  0.79087741116579124
  0.80273448655442714  0.81541631324209707  0.82944485942762269  0.84543195627254886
  0.86386613806323587  0.88593270532209478  0.91704230644849249  1.00000000000000000
   66.359371553211204       -1.0000000000000000     
 T F F T F F F F F F F F T F F T F F F F F F F F F F F F F F F F
  <DiscreteSampler_grid>
  grouped_processes
  1 # 1 for a reference and 2 for a running grid.
  10 # Attribute 'min_bin_probing_points' of the grid.
  1 # Attribute 'grid_mode' of the grid. 1=='default',2=='initialization'
  0.0000000000000000 # Attribute 'small_contrib_threshold' of the grid.
  0.5000000000000000 # Attribute 'damping_power' of the grid.
 # binID   n_entries weight   weight_sqr   abs_weight
    10   10   2.022976250078921E+008   4.834537317055928E+016   2.022976250078921E+008
  </DiscreteSampler_grid>
