 -0.00069903972920313  0.02510547500717288  0.04038899108104266  0.05364855430061009
  0.06554525695276305  0.07753848993164647  0.08919547143303090  0.10022719984678738
  0.11092536925406291  0.12141203085044387  0.13165731708333639  0.14163964546736002
  0.15153976310936670  0.16129061981535592  0.17078252104115232  0.18024658142156053
  0.18968067970880415  0.19895525493190577  0.20796874777749058  0.21677153379068753
  0.22537175623297498  0.23386634351115990  0.24232346210755429  0.25084700073364097
  0.25942715877280725  0.26793107544458294  0.27629422586888663  0.28449901153143992
  0.29259479358304696  0.30065235390482026  0.30869139630563419  0.31674382489733988
  0.32476805122844332  0.33276321520318985  0.34070874621341279  0.34849606839816694
  0.35644320009802805  0.36445581943619793  0.37243294466336790  0.38028933757032335
  0.38812372896320962  0.39589174589378240  0.40362287758758497  0.41133708295197047
  0.41913211336948242  0.42699276533093722  0.43486594528547667  0.44274385345075240
  0.45060027866594859  0.45841445384738655  0.46627922018868423  0.47408045259211096
  0.48186782618236584  0.48963021310428800  0.49746678541946221  0.50545393927966942
  0.51356577381900781  0.52173264273220110  0.52991493896496833  0.53808963838512303
  0.54617239301067055  0.55418314610205399  0.56214637018878999  0.57015165111542709
  0.57820161912770118  0.58641083708250497  0.59483903143919070  0.60354007516020380
  0.61244938465558341  0.62125634160984189  0.63010017108099559  0.63899759086364261
  0.64804115959489039  0.65716183186923705  0.66635314228775144  0.67563739380940768
  0.68491884480449028  0.69411061575534727  0.70377585182864921  0.71399461341903714
  0.72515097523098182  0.73635542935817766  0.74769444122557460  0.75933472208456887
  0.77129583735203899  0.78361262696668654  0.79628637957992154  0.80930015262921828
  0.82271466199648779  0.83660733047530922  0.85254700961582064  0.87020842600279791
  0.88878141378974851  0.90878462170666163  0.93338539525108355  1.00000000000000000
 -0.00199730145521511  0.00933697961304021  0.01880397612678146  0.02890711662635004
  0.03901744154030311  0.04939128755953012  0.06009310132442376  0.07068281612738836
  0.08133930644155336  0.09203108389457038  0.10253410941086430  0.11299454706638566
  0.12332257424523251  0.13446594783313204  0.14555617002993498  0.15674559013875544
  0.16783252147748362  0.17915947846031452  0.19027062544270323  0.20136607302963730
  0.21215334307969336  0.22285532127088772  0.23338233658840959  0.24378488060765438
  0.25428050466372676  0.26450273384240180  0.27464256422506600  0.28476948691130577
  0.29506528029459889  0.30560723274612411  0.31619148544120923  0.32675179635167961
  0.33716848779589892  0.34753132546305704  0.35806023548095972  0.36858659043414882
  0.37921818775098559  0.38984919512037558  0.40049680019636680  0.41098403955798224
  0.42178750441255669  0.43278671117431095  0.44345290926849495  0.45386621952176820
  0.46433406907939268  0.47477690358213825  0.48500737797239224  0.49511398283706176
  0.50557597400347121  0.51616450759448085  0.52690910116194500  0.53774509449827690
  0.54831527752009213  0.55881617726784605  0.56925352529236606  0.57975429697071823
  0.59005909670358714  0.60028460825413310  0.61058208743465014  0.62090918947730922
  0.63111151059213699  0.64088235645846880  0.65109584515833674  0.66154161602766526
  0.67233616426223097  0.68339988612976388  0.69433714451182460  0.70524144589145787
  0.71560828125281795  0.72601847252064777  0.73644924252414601  0.74690768892411985
  0.75768359141993036  0.76861894749712445  0.77963224176678581  0.79059271392588515
  0.80119369886074709  0.81209140463663909  0.82269211242657092  0.83339705141562359
  0.84381515837276222  0.85438816715091526  0.86486153953285860  0.87533103885490626
  0.88573718183810779  0.89619197796120820  0.90644648005225703  0.91691486691957635
  0.92750648474775432  0.93815220507549713  0.94842396965111697  0.95875572466054215
  0.96922632217372495  0.97937353644329006  0.98968800708064042  1.00000000000000000
  0.00456564729894852  0.01030919503898546  0.01623492531522748  0.02215700101300775
  0.02910898138397418  0.03602151271129358  0.04303741580699565  0.05026715409368434
  0.05743508010673151  0.06462948191572779  0.07200382119537033  0.07941741250886063
  0.08672191244428316  0.09397127564271465  0.10121026143992079  0.10835793644873941
  0.11551116116890744  0.12272048576689792  0.12993010291869375  0.13703831144638631
  0.14394304575334391  0.15117408170316637  0.15851208318278573  0.16595314225118715
  0.17351194066675249  0.18107800358862222  0.18875143592027435  0.19663378726363920
  0.20464618080497191  0.21263840416532676  0.22051406679573884  0.22831093564774033
  0.23613622038744272  0.24412516762558203  0.25223950575881432  0.26035172415023755
  0.26848555886456621  0.27658803423419093  0.28472541581400374  0.29293090529086374
  0.30147558723977158  0.31011003522827812  0.31891487011020292  0.32770298925363628
  0.33650674099938849  0.34549713089123368  0.35448532188882248  0.36343272508398666
  0.37239636593972053  0.38143571173852031  0.39047096624533451  0.39951490160437991
  0.40856157347698407  0.41772895795539977  0.42728504507302956  0.43697808567380636
  0.44667573769017915  0.45646668971705012  0.46646406437885857  0.47661108661112961
  0.48650918868727616  0.49627417147715142  0.50605182829768269  0.51596827305558823
  0.52587587472316832  0.53578550125051305  0.54579982467623378  0.55596026070928073
  0.56637485841156698  0.57700836387269794  0.58778904505140073  0.59871599242920814
  0.60983599109362197  0.62113640433775064  0.63253866961922733  0.64410616016482747
  0.65592980353437058  0.66813515075012753  0.68078070257465839  0.69361533128761155
  0.70674757667319499  0.72036964150504601  0.73417284384331860  0.74794905104561427
  0.76192989745983897  0.77657864110088337  0.79182940555832881  0.80813797102954887
  0.82525169672759591  0.84311811518407609  0.86195576676053898  0.88192011188581099
  0.90357569828397888  0.92782524426962532  0.95819958846548559  1.00000000000000000
  0.00595687495709003  0.09839987771962325  0.13736043032050652  0.16370888694020358
  0.18603398481505234  0.20561959789819467  0.22292091421011179  0.23827167891089268
  0.25268738527793699  0.26663728572334461  0.28003420606058455  0.29257145073730728
  0.30453469069713912  0.31613446204084222  0.32748305084429469  0.33874262670432925
  0.35012091369163884  0.36096773647614744  0.37113294430625204  0.38123071967973610
  0.39114954129106499  0.40085152890603670  0.41005142855609533  0.41932390985677448
  0.42844425690073201  0.43740643387300904  0.44598490958287862  0.45453142321952095
  0.46293909817456369  0.47123920066345254  0.47939619022495478  0.48757806409240484
  0.49560715298878355  0.50359796847622551  0.51156156912128459  0.51947526345151673
  0.52752312953967795  0.53559157046892536  0.54373348257702370  0.55167598031663134
  0.55942377309829883  0.56708383359040238  0.57480503845978392  0.58263273025000972
  0.59053946104621946  0.59847641518402483  0.60631787267216974  0.61402096922855409
  0.62157280279364158  0.62911174717883855  0.63667241699718713  0.64423065924017886
  0.65168607155637526  0.65909292039202028  0.66652936637262195  0.67401788671265050
  0.68151994079645029  0.68893273751195716  0.69618763012196350  0.70335815795870482
  0.71048036381598556  0.71738886725761930  0.72423572958590687  0.73090738651610210
  0.73738172764123033  0.74381856336453855  0.75018409904269157  0.75648809308318432
  0.76280355552442614  0.76905374300111140  0.77518929932719793  0.78119757018066105
  0.78717502739591738  0.79313227252557117  0.79898560627850235  0.80481801095368910
  0.81063699968949499  0.81642447149773334  0.82227618001679825  0.82815724961432469
  0.83413007714840959  0.84006898943875397  0.84605902680322720  0.85214173146419681
  0.85838192171134897  0.86478049459160711  0.87130747225457905  0.87811138423055801
  0.88523364547106231  0.89253939266616877  0.90048175533027697  0.90906010651672697
  0.91885010039542625  0.93068139227986413  0.95083205720179476  1.00000000000000000
   3.6423081932498302       -1.0000000000000000     
 T F F T F F F F F F F F T F F T T F F T F F F F F F F F T F F T
  <DiscreteSampler_grid>
  grouped_processes
  1 # 1 for a reference and 2 for a running grid.
  10 # Attribute 'min_bin_probing_points' of the grid.
  1 # Attribute 'grid_mode' of the grid. 1=='default',2=='initialization'
  0.0000000000000000 # Attribute 'small_contrib_threshold' of the grid.
  0.5000000000000000 # Attribute 'damping_power' of the grid.
 # binID   n_entries weight   weight_sqr   abs_weight
    10   10   7.111671647615453E+008   6.226359673790143E+017   7.111671647615453E+008
    11   10   7.111671647615453E+008   6.226359673790143E+017   7.111671647615453E+008
  </DiscreteSampler_grid>
