 -0.00346433844335320  0.03662006579523065  0.05183623851368351  0.06554188604109813
  0.07813045130583884  0.09003342632184934  0.10147427288313744  0.11293730454284934
  0.12381008606263044  0.13420146163463353  0.14430861888669191  0.15443435206901721
  0.16452742585509517  0.17444714408488110  0.18417330208311553  0.19367016653024974
  0.20288110592411074  0.21187202913406342  0.22068744534048218  0.22935256904438922
  0.23797440084446536  0.24649716408453975  0.25488120487319960  0.26321024978070573
  0.27140421842298401  0.27968602670810772  0.28794904684276368  0.29617999454917243
  0.30432697795400809  0.31235367905470912  0.32027998506739663  0.32812070528549409
  0.33585877848968848  0.34348594527309634  0.35106840885748175  0.35869107871898392
  0.36630424592793182  0.37379295582400618  0.38130405469377626  0.38880556590189297
  0.39631166987323252  0.40379384805450241  0.41126420281519627  0.41876272852718721
  0.42637974583098381  0.43407600592770423  0.44173991039961280  0.44934031436045369
  0.45689106691700915  0.46445157041017476  0.47199895830153971  0.47952940505548375
  0.48698283833729017  0.49447097144213087  0.50210602634620660  0.51006051759917503
  0.51801661295617596  0.52592012341684458  0.53378993155030685  0.54159720735190298
  0.54937166193727360  0.55716462606993955  0.56495747982159583  0.57278420645765482
  0.58061317290096615  0.58853300986987855  0.59660351636024278  0.60551247006688447
  0.61440724111439970  0.62325896296269623  0.63219061483139594  0.64118449418336210
  0.65016440323818736  0.65925059073885983  0.66849297117373174  0.67770992666481900
  0.68696400796962631  0.69641180453926843  0.70618347932799463  0.71674431331333288
  0.72822431222500528  0.73946981190920058  0.75079275725958872  0.76236523214093022
  0.77424757458200433  0.78650152858723810  0.79914966695347922  0.81225923029959357
  0.82600754662741904  0.84074538875243132  0.85738034473211910  0.87598079999580403
  0.89595389085747479  0.91891572441100278  0.94604439650617367  1.00000000000000000
 -0.00240456080732983  0.00974941343900878  0.01990315970458811  0.03056549820906102
  0.04144121590218153  0.05169695114411504  0.06220730009181567  0.07286747910344302
  0.08356651802339950  0.09366131769256041  0.10364557442338701  0.11362621248848473
  0.12359215206922805  0.13381694308913639  0.14441010170584340  0.15522346747666577
  0.16600263733069021  0.17662279844062345  0.18726208472970418  0.19784549588500855
  0.20847055980456544  0.21914950654909321  0.22982244879769095  0.24050100501646765
  0.25095887027601621  0.26138204121159220  0.27172028092433104  0.28266676662828938
  0.29337728699034749  0.30418315830864256  0.31466838900992222  0.32563226429926456
  0.33659032484671775  0.34748172117265408  0.35787844571022787  0.36816746782803988
  0.37844015792494651  0.38898028167818938  0.39952306835613183  0.41007368951172746
  0.42042349485039882  0.43054875645592589  0.44058129164208909  0.45072398439049716
  0.46115675078737406  0.47195011343255017  0.48261884205387240  0.49307599517786910
  0.50368040385995050  0.51446355866979143  0.52537964198615905  0.53627614999989326
  0.54695246695702981  0.55743607113732829  0.56781617680172691  0.57820503482117314
  0.58870362425287093  0.59915644673112611  0.60977088066496798  0.62060818360870706
  0.63142416560916304  0.64239699566627029  0.65334975504112092  0.66412336814611683
  0.67485722402119763  0.68569467529124983  0.69665515726150629  0.70762174498590358
  0.71841456232494827  0.72915029854124280  0.73983188998734806  0.75050315899883802
  0.76122459374248674  0.77204397280010950  0.78295534726931171  0.79363959234577219
  0.80395211529526622  0.81408302123773146  0.82398462748977785  0.83390803611761588
  0.84400389764833805  0.85412033616363991  0.86432820704210733  0.87426360672053549
  0.88471295529574767  0.89512880096216429  0.90567835723764645  0.91601904795784017
  0.92631412636058097  0.93653542081661600  0.94734328038673576  0.95828554041489922
  0.96873857780195327  0.97909395993565629  0.98956483957776165  1.00000000000000000
  0.00235451944291284  0.00698364820859150  0.01283389771696707  0.01871142198336304
  0.02476171155070548  0.03091005730073908  0.03703056580247971  0.04325795707498815
  0.04969873079328287  0.05616675802592525  0.06272051917283608  0.06935836746738402
  0.07610623441925686  0.08292897322824871  0.08974713362121993  0.09651205396001705
  0.10331398910441027  0.11020129820660494  0.11714373533738240  0.12413408041439347
  0.13113912203748054  0.13813074978098880  0.14514848859304086  0.15229010468553272
  0.15959449725448646  0.16691523115066592  0.17414820057186128  0.18140456338997119
  0.18861559352172197  0.19579943427683408  0.20306287622672881  0.21036479329539845
  0.21767532202251569  0.22494617868474345  0.23217158208451785  0.23942626027857070
  0.24668682682111601  0.25411818596498159  0.26170236340625175  0.26936170041489205
  0.27715855532561834  0.28503937595879086  0.29296687336722765  0.30101268433637984
  0.30904626048921974  0.31717860461865172  0.32534220194014135  0.33358063798219972
  0.34193465480217927  0.35035757890503000  0.35882703171285568  0.36733893046078653
  0.37591460095867935  0.38457220153914756  0.39329496961592403  0.40208183310273815
  0.41100459801185280  0.42020448209519445  0.42962749229399755  0.43909460305852982
  0.44849573160281470  0.45800976928739501  0.46761514975902080  0.47732070171971008
  0.48701189437124326  0.49665371690297028  0.50645755712056084  0.51649083587546940
  0.52680053827310314  0.53754072337671133  0.54843402158973997  0.55973578547286129
  0.57098204441185485  0.58244763344877792  0.59403209438754034  0.60584541530051872
  0.61754165786205262  0.62943424784135160  0.64174001243378931  0.65448259544534026
  0.66758696799678208  0.68124706786032374  0.69555042432481806  0.71020645587464148
  0.72483534286779683  0.73976594000774509  0.75555750684550982  0.77245750448592598
  0.79051583473290354  0.80974432412823405  0.83037511907924699  0.85291270885469572
  0.87751871848228113  0.90594867995305584  0.94351731367327507  1.00000000000000000
 -0.01074525799451333  0.08301741267656747  0.11396726395692119  0.13642401495475662
  0.15522214193294276  0.17153928000875082  0.18604276760177707  0.19920599720282015
  0.21145170358801885  0.22301166256187271  0.23390583780009119  0.24418805806982813
  0.25389768624162046  0.26313948895312206  0.27201773461158607  0.28053497613578160
  0.28890417839683896  0.29703508066823570  0.30493388817894423  0.31263933432338020
  0.32011960766655967  0.32748857979129731  0.33470699613999311  0.34173469222030012
  0.34865852595854480  0.35549757649892516  0.36225513976022250  0.36895780354563795
  0.37561988658292772  0.38221773880805998  0.38878351345801754  0.39532627439593709
  0.40181705166582227  0.40821426394216997  0.41457266534190768  0.42078613077827970
  0.42694898939178089  0.43308128845483296  0.43924930555881042  0.44544069318015672
  0.45158795197833446  0.45766598890660531  0.46379805271201918  0.46997610301315573
  0.47615094239082406  0.48234274730483551  0.48856616552382531  0.49477082645873194
  0.50093667204855163  0.50703162237169097  0.51316865733229711  0.51926731945476789
  0.52535255212455378  0.53139781801628272  0.53748602442529614  0.54367680753384606
  0.54999636888333470  0.55635710502596469  0.56272190097301078  0.56918008587975211
  0.57579850411675138  0.58253115691273505  0.58919069860670614  0.59582631699061950
  0.60242208422631094  0.60907004723516156  0.61579869458728431  0.62252277025394742
  0.62937649831139753  0.63631435677507975  0.64335461627499047  0.65050662501880008
  0.65773134688499590  0.66499082235747209  0.67226419115895897  0.67962737808924889
  0.68717336860719436  0.69486817605335727  0.70270474705699237  0.71071863768810306
  0.71905942336367257  0.72755673213995342  0.73640564352590843  0.74564599761554207
  0.75533525089679121  0.76554176938661511  0.77621868432661989  0.78757792063459353
  0.79981508235089360  0.81297398012340483  0.82726631195650002  0.84340862069793454
  0.86216080213664159  0.88486500348647101  0.91705351467703156  1.00000000000000000
   65.978319157705613       -1.0000000000000000     
 T F F T F F F F F F F F T F F T F F F F F F F F F F F F F F F F
  <DiscreteSampler_grid>
  grouped_processes
  1 # 1 for a reference and 2 for a running grid.
  10 # Attribute 'min_bin_probing_points' of the grid.
  1 # Attribute 'grid_mode' of the grid. 1=='default',2=='initialization'
  0.0000000000000000 # Attribute 'small_contrib_threshold' of the grid.
  0.5000000000000000 # Attribute 'damping_power' of the grid.
 # binID   n_entries weight   weight_sqr   abs_weight
    10   10   2.059401399652942E+008   4.630956336229434E+016   2.059401399652942E+008
  </DiscreteSampler_grid>
