 -0.00007631529552979  0.02720608722508925  0.04310807043209393  0.05792247454961810
  0.07162362581542166  0.08448012505518283  0.09695481491308967  0.10879038159549025
  0.12014425392760916  0.13093078695928900  0.14137612283777654  0.15159837176563359
  0.16141181254731865  0.17078783656217181  0.18000562521560437  0.18907890462545407
  0.19799887313692904  0.20692047224407981  0.21582082197523209  0.22455100556832297
  0.23309107948665297  0.24155092990579555  0.24997755348794276  0.25840028928247605
  0.26675437609246894  0.27500455946426194  0.28311152192184325  0.29105647107785665
  0.29900447711106587  0.30697366259773301  0.31490791225275439  0.32279191146257125
  0.33057455956756654  0.33827555770641704  0.34590572141880788  0.35350959307375129
  0.36121256446299621  0.36890371034076508  0.37656404582151221  0.38419008652763487
  0.39188209937545632  0.39945614582905642  0.40694811203842679  0.41445058857679373
  0.42205649851237881  0.42980821495827903  0.43751751545298057  0.44515075904126200
  0.45277681978468354  0.46044184328677196  0.46811183459627231  0.47575578107290473
  0.48339594438841504  0.49103020045238643  0.49873582270051764  0.50688031922335142
  0.51492907480116135  0.52294763231215269  0.53095870514911636  0.53898074480970048
  0.54699650864415184  0.55500363572042122  0.56303073413688332  0.57106295738237689
  0.57914219615227303  0.58716111090063516  0.59578663716858060  0.60457655986450165
  0.61341314017877890  0.62227375360652348  0.63118959180318901  0.64019474783648656
  0.64923924109423481  0.65835324351673585  0.66764912078349781  0.67709189863783881
  0.68659636103666633  0.69594731183416347  0.70597274820856681  0.71698228039233480
  0.72819231618482028  0.73957022804981165  0.75095413731351091  0.76260677161658652
  0.77452406408038954  0.78684098517536860  0.79959259937399851  0.81266868777245427
  0.82615487739653681  0.84087927911943172  0.85753016551050476  0.87647029104729546
  0.89692854145495859  0.92006148979695235  0.94724100207585793  1.00000000000000000
 -0.00228678505203306  0.00969466389356498  0.01952484959640206  0.02961059152857623
  0.03969631692012265  0.05024801221342861  0.06085395281817758  0.07151702050757613
  0.08219348182064889  0.09311452992829110  0.10383961161655361  0.11460844229031497
  0.12548984335505622  0.13614808504430073  0.14679424882665923  0.15694185856449644
  0.16715306638697897  0.17705277309272741  0.18736183025414840  0.19819245740155741
  0.20911313919728047  0.21969048517135967  0.23009613680310345  0.24068237766017020
  0.25143346177741654  0.26221253822177798  0.27299999810218051  0.28362839353621744
  0.29416101562814950  0.30453845229297832  0.31487539303686840  0.32514115501668128
  0.33547933164707255  0.34606364723001004  0.35667848905982158  0.36736042869539920
  0.37786710752590630  0.38851748558134513  0.39906939372725037  0.40972591821290799
  0.42019367885862946  0.43055630994479449  0.44106927412515023  0.45198080370912425
  0.46262337633444739  0.47315975594263970  0.48377315003056043  0.49469100778395747
  0.50547467108575472  0.51611120268748678  0.52710878174493003  0.53839698344866094
  0.54978075038515883  0.56110300826933246  0.57192388692779328  0.58249838812453325
  0.59286094361962904  0.60342400731075463  0.61396973370548569  0.62446198260926089
  0.63481154741553536  0.64535674599023218  0.65631903206250541  0.66748516733722874
  0.67845284975272635  0.68918592825439662  0.69995027561405798  0.71070532268559872
  0.72161940559527860  0.73220150709555809  0.74263311898556728  0.75304313544073387
  0.76344890175555813  0.77360092522223201  0.78340885044109043  0.79336254944372597
  0.80365210767724271  0.81404016083009878  0.82422788157314186  0.83449000744919910
  0.84489743129523187  0.85536210796154044  0.86549287779819895  0.87566860277480174
  0.88621853538465356  0.89678435192868644  0.90743950045765642  0.91787725713086032
  0.92830742738536176  0.93840158643901561  0.94850560741349066  0.95848579787403509
  0.96864971092645336  0.97885884149154634  0.98938886363944800  1.00000000000000000
  0.00083572109692855  0.00758546666347625  0.01387014881702752  0.02026488793629285
  0.02682791992314184  0.03340836382132020  0.03996228747611738  0.04645847154664956
  0.05293986272046721  0.05942745291411742  0.06593558527597573  0.07247580963440942
  0.07899914516688966  0.08551690733934064  0.09205281046027913  0.09857191294985694
  0.10519486802789137  0.11198617588793684  0.11891789612104807  0.12588243591422779
  0.13280984998930426  0.13969727522208208  0.14660932885506112  0.15343406972532511
  0.16037433079889754  0.16733099517461744  0.17445251173283674  0.18153644387423265
  0.18861010943936526  0.19567357785258427  0.20276886483504536  0.20991020986384831
  0.21715135905826283  0.22448612968120557  0.23190545292263892  0.23936934039834623
  0.24686794694604164  0.25442086350152548  0.26204207820421066  0.26966921310299830
  0.27743507628572450  0.28534560936945114  0.29328438773426335  0.30126697166683764
  0.30926593115231782  0.31725435558003551  0.32526669694116017  0.33335661026583169
  0.34159503066437141  0.34985336964428537  0.35809602827634468  0.36637187193681481
  0.37486149343113001  0.38362899118828936  0.39255070017327959  0.40146686820956634
  0.41051000346135913  0.41967662303397851  0.42913456734640359  0.43866806287500676
  0.44822777615789039  0.45787886430490604  0.46742546272583380  0.47704493644312018
  0.48695509712704660  0.49717092925633227  0.50742610667320298  0.51767049401356535
  0.52803172898857631  0.53860522739657601  0.54940937011873392  0.56024814169682735
  0.57150209102749705  0.58277582503330605  0.59459348906853582  0.60665410935760933
  0.61898893672371968  0.63149623382602604  0.64447262299512242  0.65766335307914336
  0.67101280745077219  0.68464735146667410  0.69855660556308052  0.71285836863926921
  0.72748619791846925  0.74259934224008084  0.75833068593740460  0.77492526360106084
  0.79251631722370808  0.81164691494573060  0.83210719599040839  0.85387572601970074
  0.87785823509179162  0.90628264258776514  0.94302628400686139  1.00000000000000000
  0.00344697906414772  0.08428735245539626  0.11525720759775177  0.13737661804561266
  0.15548016727784408  0.17145014053363586  0.18575049063606763  0.19893557912718257
  0.21120211676105743  0.22270668766791074  0.23351578211894955  0.24371129082189039
  0.25343759710681230  0.26270043662703707  0.27169176291403296  0.28044839325808479
  0.28905919795866147  0.29741948380294031  0.30558751496572811  0.31351488393810534
  0.32124106015796305  0.32887862059085077  0.33638578194219093  0.34370768573211885
  0.35086225854286768  0.35785061852049499  0.36470184658436189  0.37148931810293978
  0.37822349371960717  0.38489475374955534  0.39143526594116129  0.39788049944419890
  0.40418935038573833  0.41051341369688482  0.41688784572064036  0.42315168464500635
  0.42931975942505052  0.43542886846405060  0.44150175790674190  0.44761872690797777
  0.45373805010172680  0.45983326505469541  0.46589585618809398  0.47195242769061208
  0.47802390945016932  0.48406034767767270  0.49002368371811567  0.49596720821997531
  0.50186706176154572  0.50779566050495628  0.51373147844764577  0.51967248137031552
  0.52567788143168703  0.53172765763387764  0.53783614029817040  0.54404458892605101
  0.55031879968230835  0.55665615263162305  0.56299446742581982  0.56929125317990548
  0.57564140977483125  0.58197565327665457  0.58840691817682056  0.59492561219452611
  0.60145028946124779  0.60801429056606870  0.61463817634452389  0.62124380076626029
  0.62806705647290262  0.63506326187527073  0.64216122062890435  0.64936743132392849
  0.65666196799159982  0.66402950277273043  0.67146175953170317  0.67894762081585824
  0.68656881856427643  0.69443708835705487  0.70254828191159846  0.71086687474634014
  0.71947321772779438  0.72826931828398678  0.73757679041777158  0.74711880791851781
  0.75720856455775531  0.76750122634146267  0.77822285213490161  0.78946850192562645
  0.80168874833085335  0.81483086301819163  0.82888812057838923  0.84467063310704471
  0.86241526189645190  0.88391536726675535  0.91421773865354872  1.00000000000000000
   65.597674001990498       -1.0000000000000000     
 T F F T F F F F F F F F T F F T F F F F F F F F F F F F F F F F
  <DiscreteSampler_grid>
  grouped_processes
  1 # 1 for a reference and 2 for a running grid.
  10 # Attribute 'min_bin_probing_points' of the grid.
  1 # Attribute 'grid_mode' of the grid. 1=='default',2=='initialization'
  0.0000000000000000 # Attribute 'small_contrib_threshold' of the grid.
  0.5000000000000000 # Attribute 'damping_power' of the grid.
 # binID   n_entries weight   weight_sqr   abs_weight
    10   10   1.916512554808159E+008   4.794056048591348E+016   1.916512554808159E+008
  </DiscreteSampler_grid>
