  0.00017626178933857  0.00667885133466650  0.01533980416443637  0.01893039503194487
  0.02286137429743730  0.02653945907827081  0.03006303800134751  0.03365000273270422
  0.03738176652075926  0.04130420258638275  0.04516302951963766  0.04896473093084241
  0.05279161526435472  0.05675435500722296  0.06069841842022179  0.06477580160863169
  0.06886266295285409  0.07302766932145834  0.07733584530832481  0.08160861115173759
  0.08582845202749789  0.09034711086904422  0.09499899324442312  0.09964085027421120
  0.10425267915723123  0.10903852217527750  0.11388859607823375  0.11876490886367505
  0.12374395735237444  0.12895844222303909  0.13425152652846861  0.13956085612932875
  0.14496033970792224  0.15053085878088926  0.15619748586499821  0.16190090682177719
  0.16762988556313124  0.17355876992583680  0.17988179566014173  0.18639979429354547
  0.19300913563468911  0.19966225923561795  0.20647702029569590  0.21368935662401278
  0.22144397853122658  0.22928359901598094  0.23745601843609032  0.24599956788264751
  0.25547075797817209  0.26552562331091628  0.27556570567486122  0.28604718041062149
  0.29734751653741187  0.31168331862813869  0.32664683862103394  0.34215113616275872
  0.36264944664625931  0.38850280121240693  0.42398112745413047  0.49276074153084765
  0.56485357987278118  0.60542931477773054  0.63273466059630257  0.65524473626817070
  0.67491017831670774  0.69264317336655179  0.70845158222414295  0.72168699962159699
  0.73395693727802669  0.74566130164609656  0.75698374673051860  0.76801240079977862
  0.77876055253291421  0.78923121062959922  0.79945237463565122  0.80948400235074280
  0.81924643344299619  0.82880477152941445  0.83821939518246968  0.84743620985470025
  0.85639126410053568  0.86524283240134059  0.87402800873646613  0.88271967718662359
  0.89130432257590519  0.89972171980563942  0.90797902953064902  0.91609519289032859
  0.92428089405454772  0.93270751707298405  0.94142044381281698  0.95033591757655189
  0.95939683661196618  0.96845286268223141  0.98613536681585756  1.00000000000000000
 -0.00209710161827487  0.00948852168552708  0.02005452257950659  0.03069264250688068
  0.04094703349431048  0.05138139900519397  0.06222996129895449  0.07291933787382716
  0.08375493966287298  0.09447910048868786  0.10507382038364865  0.11529666818694490
  0.12532541859900334  0.13636942214217543  0.14684500595152972  0.15740180774563831
  0.16747178481611702  0.17801689177641791  0.18889935365926006  0.20074494134155077
  0.21221287489611640  0.22339956872189751  0.23408123019948873  0.24509491384669138
  0.25600736530610013  0.26623795249591392  0.27668175273417828  0.28744381318654422
  0.29823240692286651  0.30858565264727444  0.31885122712828307  0.32955695608167679
  0.34048061432438775  0.35122333164101327  0.36234349849421948  0.37369141453021065
  0.38509240060210137  0.39645350664275408  0.40771596500508006  0.41883391043085644
  0.42957421105481125  0.44006985508114782  0.45041756666320537  0.46053400909607484
  0.47033523703667146  0.47995227326939804  0.48964973688133939  0.49961884519284405
  0.51001439948874927  0.52072330421744173  0.53163686602368354  0.54276116477276259
  0.55388731779036970  0.56482775312833677  0.57518047543170003  0.58539901319471277
  0.59508770457669580  0.60474123180963524  0.61447999959496880  0.62408227041890219
  0.63416135027925458  0.64453165183599492  0.65570942375097696  0.66680430900581777
  0.67765469079191620  0.68842400425884065  0.69866757065991869  0.70902298778179484
  0.71905801336081809  0.72881167279490056  0.73829180043953058  0.74774324961607364
  0.75762728660092482  0.76771730051711784  0.77789635687658365  0.78840732858841744
  0.79909354283985345  0.80994274184237192  0.82040764678717404  0.83075199229253005
  0.84106168965658701  0.85145993327359615  0.86217286829898365  0.87240673689622705
  0.88257881155754736  0.89260255627618301  0.90306809574630931  0.91388354570406516
  0.92492632070105274  0.93610662161757108  0.94706412142230334  0.95745196668069221
  0.96747784705651152  0.97755985384810773  0.98851852535196783  1.00000000000000000
 -0.00436478594158995  0.04362529541356405  0.06118201932667683  0.07670578907921853
  0.09052168416279578  0.10563321096395327  0.11892502632562826  0.13080468203140858
  0.14149823038458928  0.15179524867353966  0.16208494038899543  0.17208178010006359
  0.18134238135055566  0.19001402375475518  0.19928019537111372  0.20872921918859827
  0.21801424270935935  0.22715933988455830  0.23595971435881552  0.24485282813448256
  0.25377856965463053  0.26252027508109110  0.27106698479174490  0.27948680670550669
  0.28796950200598437  0.29641225390842463  0.30485038578084123  0.31328631578010846
  0.32157992159818199  0.32982978077964475  0.33791968558898439  0.34605301862183219
  0.35382303804208975  0.36155486102561757  0.36926286019579319  0.37706623576355025
  0.38486825386866702  0.39279131273429996  0.40074812433301715  0.40865455669887230
  0.41675023617074852  0.42492380979483313  0.43305024709535822  0.44142879975673543
  0.44990393565861447  0.45847059251704875  0.46717326386378577  0.47599227955274731
  0.48485042611856372  0.49361615100018419  0.50207474493225546  0.51020036554028525
  0.51827107664422678  0.52642339192182830  0.53454974038123426  0.54249547354134287
  0.55030095837843007  0.55822998203680563  0.56650936544148245  0.57472331561544521
  0.58259495767473757  0.59049641807109232  0.59869945053063245  0.60722575821074376
  0.61613602765543118  0.62482843225557472  0.63336530945051250  0.64194982564602465
  0.65042153409136994  0.65889908558588328  0.66774895375652210  0.67679176605815461
  0.68602894385322477  0.69516417017578203  0.70419790791346937  0.71349058523893971
  0.72348981163775994  0.73347039051046337  0.74353610770028011  0.75348004774322308
  0.76348588339608159  0.77388525342147552  0.78447881071133296  0.79529962993003955
  0.80660632447180936  0.81865230131820776  0.83123036675436301  0.84384139596625030
  0.85677379551247634  0.86999902515606786  0.88421897037288666  0.89959968963516845
  0.91659296767547416  0.93643777472551726  0.96170648844166151  1.00000000000000000
 -0.01698842381933181  0.09339761966895371  0.12398194999916179  0.14367893217461788
  0.16017280692367120  0.17509086480206962  0.18871586710863555  0.20124939646148340
  0.21283669306998448  0.22385900367487285  0.23456894493244929  0.24490366778917799
  0.25470802137393250  0.26394335633195948  0.27288579034502491  0.28171101706269663
  0.29045569982396552  0.29879971222155288  0.30678605935500758  0.31459296562486821
  0.32223819024398470  0.32980142433822290  0.33713974217087844  0.34424783282122950
  0.35126258524208143  0.35806445893873823  0.36474085815119983  0.37150772945246974
  0.37825381353208337  0.38474969807577741  0.39108681983344784  0.39733663756869586
  0.40369959872777800  0.41014664286791713  0.41655485073303389  0.42266644570831974
  0.42891341855521586  0.43538073349593198  0.44205076720961917  0.44844137348053931
  0.45454229797592766  0.46042959826351915  0.46632067887849288  0.47222720143317204
  0.47814964371906132  0.48416770275427001  0.49026963687493874  0.49635001523897782
  0.50230407788048614  0.50817171462570632  0.51390132387454424  0.51983228849991436
  0.52554802783005816  0.53125947472562796  0.53704404090169622  0.54300681012097185
  0.54920505291709343  0.55545789964998549  0.56165144723045357  0.56797450759272372
  0.57438837341757487  0.58072597047386076  0.58706396538163830  0.59346376971555614
  0.59987077042008696  0.60634831321539007  0.61296085262958466  0.61972047183285817
  0.62657145209475895  0.63336247738043339  0.64002439970088698  0.64678871601034227
  0.65375051385721850  0.66088171476947266  0.66810059973627578  0.67539265419799177
  0.68283381017568567  0.69058558318886631  0.69872967007277464  0.70709772029411089
  0.71555116948163267  0.72417195435940918  0.73338040242960478  0.74322204747061804
  0.75298025875168273  0.76260875058140920  0.77242458853494111  0.78298182203497202
  0.79451723895673243  0.80688770634620111  0.82024294479583137  0.83542921586715679
  0.85292002671082767  0.87307019076801329  0.90309242095336140  1.00000000000000000
   11.312413049452989       -1.0000000000000000     
 T F F T F F F F F F F F T F F T F F F F F F F F F F F F F F F F
  <DiscreteSampler_grid>
  grouped_processes
  1 # 1 for a reference and 2 for a running grid.
  10 # Attribute 'min_bin_probing_points' of the grid.
  1 # Attribute 'grid_mode' of the grid. 1=='default',2=='initialization'
  0.0000000000000000 # Attribute 'small_contrib_threshold' of the grid.
  0.5000000000000000 # Attribute 'damping_power' of the grid.
 # binID   n_entries weight   weight_sqr   abs_weight
    10   10   1.401094489310803E+008   4.053098647982261E+016   1.401094489310803E+008
  </DiscreteSampler_grid>
