 -0.00013736871748801  0.01258854134555111  0.01574854359830453  0.01937736882297367
  0.02275499752477047  0.02606313195451244  0.02961572535834235  0.03333351446817778
  0.03728841273905537  0.04130335979714689  0.04516675178321596  0.04891861385473906
  0.05294120994319927  0.05718167822660252  0.06147475994761743  0.06580473080059206
  0.07025571630219768  0.07488791899958913  0.07956928800372906  0.08419895285102179
  0.08891512532857321  0.09367249285827421  0.09840103449799494  0.10316334624560244
  0.10805776517167974  0.11297761618171098  0.11793472805529714  0.12300175452254726
  0.12841814236344398  0.13379070281173452  0.13915812383393053  0.14461769339451849
  0.15037555646323303  0.15631660426361388  0.16231128987744234  0.16832225773769102
  0.17435318015183005  0.18084334335110369  0.18730679387654856  0.19385180129976634
  0.20044955807209056  0.20735957323452670  0.21488631145315776  0.22296957889170899
  0.23139932406911268  0.23995935809934538  0.24910264899856790  0.25900610020968423
  0.26942946065504292  0.28006594213089908  0.29140719198151910  0.30457417415301685
  0.31968712095145246  0.33613567429463548  0.35562613017598760  0.38242595862873513
  0.41835565799724134  0.48800790856616366  0.56490538267596124  0.60625475539052820
  0.63299607893610232  0.65501444456289226  0.67470006541129335  0.69256118825915103
  0.70840590053718211  0.72214277509374325  0.73471116581262463  0.74673440739230090
  0.75810876370881675  0.76913665428952394  0.77971890158965318  0.79006574713231870
  0.80015951576833888  0.80999869263713142  0.81964967842342806  0.82911926190077923
  0.83846590881091132  0.84740150782884349  0.85606666203545900  0.86459395207626577
  0.87298990215017025  0.88127328624799417  0.88953307463796516  0.89768357383959241
  0.90567286132096292  0.91357308966091155  0.92130084583579119  0.92903508765164444
  0.93689819870945779  0.94495121341725363  0.95257872092197060  0.96024514116222681
  0.96747098698485512  0.97410811727308233  0.98220945245952640  1.00000000000000000
 -0.00219027049299191  0.00908068073594972  0.01901206331997469  0.02906076080453706
  0.03924257593312509  0.04967287736715711  0.06019932267268886  0.07079838046139263
  0.08162034465193348  0.09237839708872350  0.10321891494627372  0.11383215747176652
  0.12440883509783635  0.13468317053132445  0.14514265116245317  0.15629911510286554
  0.16815397351161887  0.18033544741952290  0.19175421044476404  0.20259175787433922
  0.21302515468764288  0.22325002722461493  0.23356114888465854  0.24351540207486855
  0.25400170579817510  0.26462679636987790  0.27491665319807296  0.28516106450997747
  0.29602750494269919  0.30736587970735946  0.31839990558738068  0.32927242240671817
  0.33985051015028445  0.35029421827207147  0.36086703362745515  0.37135315915735850
  0.38155644882625767  0.39158780440489571  0.40164210078923379  0.41232100231821311
  0.42295461033129372  0.43361713400548274  0.44376698474055659  0.45373826380571514
  0.46382735151857557  0.47438011652386902  0.48496523249579054  0.49581480688467766
  0.50672150704140684  0.51766601630660292  0.52839331777626353  0.53901021670934690
  0.54997135867496727  0.56102833844738809  0.57223531597129895  0.58345584831261788
  0.59458631895048064  0.60536606515405367  0.61605518175058482  0.62667524582304057
  0.63687461759761554  0.64665639212603687  0.65641970272051020  0.66681472914839679
  0.67729307676089667  0.68789563738182369  0.69871125653871613  0.70956128140172225
  0.72012720921358742  0.73076260384660441  0.74160923401655832  0.75252490392109750
  0.76293647731934677  0.77344630975581807  0.78425643654648447  0.79518014733080111
  0.80590463965992232  0.81643683010835622  0.82671573712979485  0.83665916503145110
  0.84638680754044215  0.85607311299696498  0.86568969882238411  0.87549201562470924
  0.88546449205508160  0.89545034260780232  0.90559346887492242  0.91559758580426764
  0.92643576673691153  0.93713317244673000  0.94747837124379619  0.95777930207681050
  0.96806201940971814  0.97860296597611518  0.98930492685183202  1.00000000000000000
 -0.00128093447947139  0.03360214794450970  0.05528285347846366  0.07180609066163790
  0.08559673617206698  0.09788802165154332  0.10877058793246151  0.11901712818662973
  0.12918307775426782  0.13904700216321492  0.14908570069523741  0.15883760383910722
  0.16853449646824883  0.17820558288973290  0.18767613124759655  0.19703584879017302
  0.20623134359974632  0.21565374575735755  0.22524638284865753  0.23449864970332343
  0.24357258211692748  0.25259006853208837  0.26146843389043151  0.27006301555921741
  0.27848360856689397  0.28688642561909156  0.29546579086915165  0.30402317516940852
  0.31232175900179660  0.32037693426190844  0.32836649398972645  0.33654498537205063
  0.34501618686178892  0.35357633948082234  0.36204133777510633  0.37040842023059040
  0.37879534843682661  0.38705731370315960  0.39521545636123762  0.40321553398244137
  0.41121965317459092  0.41915660525659326  0.42726025814348095  0.43529266325523075
  0.44348764329170748  0.45165972086935724  0.45984395601907979  0.46821220898630050
  0.47668452308623760  0.48530651239894990  0.49396062795091628  0.50244125015086383
  0.51069490897710901  0.51873821204609283  0.52672958326560482  0.53481572313706127
  0.54313168369561604  0.55142717745308512  0.55963359398027823  0.56795422017532871
  0.57671458486501181  0.58545093156083594  0.59438244603534762  0.60313133985831424
  0.61140788674514790  0.61971637987104644  0.62826422537161764  0.63692028333870332
  0.64541593544901166  0.65372260019191020  0.66197652026921239  0.67051682568014548
  0.67936642077538933  0.68833465343245470  0.69737080731769185  0.70629029307219005
  0.71546506040115110  0.72508767440848876  0.73496661749969394  0.74500733894729965
  0.75510745817512759  0.76558449127992600  0.77626466607672384  0.78706428993977762
  0.79839580966415791  0.80991956849686531  0.82181703324067723  0.83432729096259362
  0.84798061609584741  0.86250342820840287  0.87780106511782841  0.89381332271582470
  0.91138768074353038  0.93188363706294586  0.95946353666945805  1.00000000000000000
 -0.00339402429531054  0.09371239542042790  0.12435888298379864  0.14515778745988855
  0.16323753214974432  0.17836552311585832  0.19217064056069560  0.20504465252374854
  0.21679482744315168  0.22753389175169414  0.23777851239592593  0.24773226801904039
  0.25746636596850886  0.26690974388996747  0.27592975898856781  0.28462860628857234
  0.29300258573246846  0.30104136821178507  0.30889810246624505  0.31632867449020219
  0.32331669261812845  0.33037706118067400  0.33725184056670970  0.34390887835756784
  0.35037542554681927  0.35681559731159845  0.36321953306705346  0.36961832277193896
  0.37614000603067343  0.38279208480964638  0.38940776802101096  0.39576925313748762
  0.40213462445534676  0.40857222727100473  0.41505640750293166  0.42141344540975867
  0.42768578893783127  0.43405371049571950  0.44060221824754603  0.44721496826685814
  0.45372875366223775  0.46015168788092808  0.46627885004174408  0.47220517592026329
  0.47814915572083849  0.48416808050942367  0.49047003452882176  0.49706704747299452
  0.50342606043262572  0.50963077419500824  0.51581669889212967  0.52187278911172008
  0.52777412366522114  0.53365079517362113  0.53969217837445005  0.54567568324214433
  0.55157100755255073  0.55744175620021785  0.56326193464055441  0.56910283173072473
  0.57488740318408349  0.58065107637846824  0.58663480654046229  0.59277540115222471
  0.59899705964595551  0.60532753047521048  0.61183316925157549  0.61831930547108371
  0.62482406619770881  0.63139859568867451  0.63812030360766070  0.64492276727183384
  0.65182593947478074  0.65884085882882049  0.66605818970618824  0.67361787868696710
  0.68126568814916333  0.68884679163261231  0.69647180123291386  0.70429182052500239
  0.71231310538921278  0.72054485201253271  0.72915441239253609  0.73820516343542197
  0.74777523816177438  0.75748117620764155  0.76759295738729871  0.77838389924783569
  0.79028299660219037  0.80351406628426247  0.81820966640272597  0.83461386166506524
  0.85310248433238345  0.87412690256669534  0.90489970584975921  1.00000000000000000
   20.681653229017915       -1.0000000000000000     
 T F F T F F F F F F F F T F F T F F F F F F F F F F F F F F F F
  <DiscreteSampler_grid>
  grouped_processes
  1 # 1 for a reference and 2 for a running grid.
  10 # Attribute 'min_bin_probing_points' of the grid.
  1 # Attribute 'grid_mode' of the grid. 1=='default',2=='initialization'
  0.0000000000000000 # Attribute 'small_contrib_threshold' of the grid.
  0.5000000000000000 # Attribute 'damping_power' of the grid.
 # binID   n_entries weight   weight_sqr   abs_weight
    10   10   2.300231589253418E+008   1.098219584245363E+017   2.300231589253418E+008
  </DiscreteSampler_grid>
