 -0.00253195327593527  0.02355764122489757  0.03991608601145563  0.05445281142599513
  0.06794736070528619  0.08058389754506655  0.09263935677840740  0.10426857062108102
  0.11569330286590027  0.12672513477936065  0.13738997049732610  0.14758456705274264
  0.15761952671928284  0.16734292726747002  0.17693811787766378  0.18652634624999911
  0.19592073515368169  0.20501631815889521  0.21384760348068119  0.22251624617017085
  0.23118140474395615  0.23984609970702672  0.24853679183890962  0.25710323020168613
  0.26546596300180469  0.27368184040053012  0.28178441583818697  0.28987509795079275
  0.29803012444694521  0.30620778363397122  0.31426078571925864  0.32221688380909047
  0.33011042572950500  0.33796870435540954  0.34578573141759666  0.35374219528554057
  0.36176859962168173  0.36968671122553609  0.37753681494396135  0.38532265066062416
  0.39310948218732150  0.40086166031694481  0.40856324269614003  0.41625715200699354
  0.42392457562469399  0.43177510370331085  0.43957041514160972  0.44738057994134772
  0.45519568894809204  0.46294701782541692  0.47067259454146193  0.47839470977073367
  0.48610030208701210  0.49384454101486192  0.50173764054958925  0.50980535116739667
  0.51792141532047853  0.52610518372307458  0.53427383101811943  0.54240254728295234
  0.55050743598059027  0.55862257852635844  0.56673638860021025  0.57484037748495753
  0.58296775147129209  0.59117687219823711  0.59955723560690255  0.60836793007943391
  0.61707712921865865  0.62582925486593510  0.63464312155872515  0.64357559915557627
  0.65263041837047453  0.66177574003303730  0.67097615672375199  0.68019813199129220
  0.68941403993562778  0.69865312519939493  0.70827753826247442  0.71930401824154955
  0.73054548367187655  0.74188792216894306  0.75349358387991017  0.76539525500042815
  0.77756686289929289  0.78986420243708733  0.80238308293110383  0.81532997961098153
  0.82855559638238907  0.84384637525244899  0.86107840745061115  0.87995412286119501
  0.90101019228377854  0.92565591381800516  0.95721595763125922  1.00000000000000000
 -0.00246306318657281  0.00956534627367890  0.01996594903147523  0.03079284328962563
  0.04155699881195315  0.05223382740739013  0.06276620463113497  0.07305321104846214
  0.08356338399410418  0.09423160184873787  0.10494122816036887  0.11540128269887430
  0.12574085313387232  0.13643220114572016  0.14712657482743002  0.15802998059307288
  0.16895671502372464  0.17991049868921405  0.19051738507132729  0.20085696514936333
  0.21135917721755132  0.22196238635428428  0.23265430899637887  0.24313931796593052
  0.25355063374298931  0.26391970053428010  0.27419720473750975  0.28462673284961099
  0.29503559229531118  0.30553025192901062  0.31578543452355551  0.32598695028545027
  0.33627241632559535  0.34663616312714368  0.35694498349656650  0.36727426136932534
  0.37751770304728283  0.38793038792209300  0.39819122319200784  0.40842715877163810
  0.41859665124610901  0.42896545005901465  0.43911797101146377  0.44936422060820175
  0.45977266461574418  0.47101076608202452  0.48201453831218427  0.49322649190542317
  0.50443128091393641  0.51575496156338907  0.52662401984368012  0.53718042302081592
  0.54761770076982830  0.55798118030552124  0.56841711941055229  0.57883122615346594
  0.58931621627143660  0.59985057531053054  0.61030798302805322  0.62098202347361553
  0.63142722665809892  0.64178957333281794  0.65190493838681507  0.66208216116079122
  0.67263115197809198  0.68329644037362480  0.69397263868783743  0.70457477458610895
  0.71537123787629386  0.72624389298890502  0.73680404293643409  0.74726794310223910
  0.75777037885378262  0.76839431126423574  0.77874512733209666  0.78905663180026864
  0.79931422036940736  0.80962765731890596  0.82005306312087112  0.83042489257653862
  0.84108023139355415  0.85168419654616689  0.86219715548174169  0.87275797920865561
  0.88321455152199102  0.89354230356298747  0.90399315673054614  0.91436731636303459
  0.92523343155478743  0.93617285690484986  0.94733000427374214  0.95838510006027477
  0.96900380826569887  0.97969573760994288  0.98989739077511740  1.00000000000000000
  0.00693326069560466  0.01362420674313233  0.01887152533363410  0.02458522611219492
  0.03114704049612403  0.03745564569252142  0.04385253073062508  0.05015474033187160
  0.05642263698280916  0.06273918591668801  0.06911565898009928  0.07551890853437533
  0.08190511507840668  0.08828086674368116  0.09465794683384875  0.10107105030269847
  0.10755273013353603  0.11409457646604645  0.12070057763075931  0.12734321087609018
  0.13395336577507322  0.14057894391788497  0.14722583725696836  0.15397750435292251
  0.16079555877562421  0.16764091157008895  0.17451895614727098  0.18138839252921407
  0.18836021754578522  0.19542705387351594  0.20255843674501864  0.20967087694531028
  0.21716994624853542  0.22453204425261827  0.23209300486609641  0.23973391612131609
  0.24737855936793174  0.25502042178483392  0.26271440424037124  0.27047267943214187
  0.27829671840467690  0.28619423943917904  0.29411089107072608  0.30202827242729585
  0.30995951497045710  0.31796951206454160  0.32612350750997199  0.33434898078424030
  0.34259218099842248  0.35090260700085463  0.35933941427590105  0.36792693032682211
  0.37662986823474259  0.38548653375192926  0.39437053117507992  0.40327924844524476
  0.41224757449724175  0.42119691787004093  0.43036783903141956  0.43962479425800799
  0.44916188338596214  0.45872710988970006  0.46856145781215347  0.47840507390626252
  0.48841904259613439  0.49843870678356972  0.50841196102317066  0.51841596908496268
  0.52859521081245964  0.53898742765924124  0.54937231348827198  0.55995421439673909
  0.57072745153281457  0.58186986044665612  0.59321266278097851  0.60489453651283531
  0.61690795795870412  0.62923399130836277  0.64205911546255556  0.65521324354936827
  0.66863918715723325  0.68229509723752457  0.69639644479150165  0.71087592143342704
  0.72588181818562258  0.74160330668433239  0.75806960329051143  0.77518132894478131
  0.79298642621755200  0.81167954278635523  0.83152785588288403  0.85303860377695295
  0.87786913623804774  0.90655142830262392  0.94323969092291293  1.00000000000000000
 -0.01445369003713672  0.08419832558033488  0.11590791978879951  0.13748494362488928
  0.15523611402288709  0.17086421544892594  0.18491441279062801  0.19801306809326130
  0.21027947725350588  0.22164091838012168  0.23240485050273169  0.24276097965142204
  0.25278907737323025  0.26239550049679966  0.27163500589048473  0.28053951319948750
  0.28925454359630026  0.29753341316466886  0.30560548400174420  0.31354398862152322
  0.32135939976564298  0.32906266596636125  0.33654327282589697  0.34375679177268265
  0.35076349590317080  0.35758623847837384  0.36428678700783756  0.37101135681287034
  0.37772825542154065  0.38428064570852882  0.39078870756843181  0.39720702045027007
  0.40351883437810226  0.40973552353905857  0.41593002346042512  0.42210069982892656
  0.42826396104063685  0.43440609112794765  0.44052839836870533  0.44672734788819973
  0.45294270668761683  0.45910194505920926  0.46520392853462200  0.47126624123824745
  0.47730979476912061  0.48333302318729493  0.48929280685985033  0.49527484125450066
  0.50124612927177026  0.50731344859627148  0.51338008974361837  0.51947064899348805
  0.52564870490363247  0.53182131435490576  0.53802651432488113  0.54428080049980343
  0.55057253470327849  0.55692258580443177  0.56325710221177583  0.56946384720458565
  0.57567661189361341  0.58193173357137518  0.58826378257745293  0.59469333058191876
  0.60113886781448733  0.60766001303434558  0.61438648866703960  0.62111652271546702
  0.62797870762181285  0.63489860959517330  0.64184529871828810  0.64890418548346307
  0.65607938936911403  0.66332557637953449  0.67066211223107219  0.67813065824682817
  0.68576359987755597  0.69359419884349383  0.70159029345022517  0.70976110272501414
  0.71819984463817066  0.72683539409318998  0.73585540901752056  0.74530572327325428
  0.75517429146480930  0.76543687400069216  0.77623152404530960  0.78768185480017761
  0.79986499484404405  0.81314568432422518  0.82779131425084884  0.84381108772017732
  0.86173863244898463  0.88350822228523485  0.91462406160936793  1.00000000000000000
   66.294415934673665       -1.0000000000000000     
 T F F T F F F F F F F F T F F T F F F F F F F F F F F F F F F F
  <DiscreteSampler_grid>
  grouped_processes
  1 # 1 for a reference and 2 for a running grid.
  10 # Attribute 'min_bin_probing_points' of the grid.
  1 # Attribute 'grid_mode' of the grid. 1=='default',2=='initialization'
  0.0000000000000000 # Attribute 'small_contrib_threshold' of the grid.
  0.5000000000000000 # Attribute 'damping_power' of the grid.
 # binID   n_entries weight   weight_sqr   abs_weight
    10   10   2.429977092343275E+008   6.297818129656068E+016   2.429977092343275E+008
  </DiscreteSampler_grid>
