 -0.00195625537433590  0.02760662365973923  0.04296081657090078  0.05692229617532855
  0.06989792482421839  0.08243023893375015  0.09454518346177872  0.10638910748322776
  0.11801996853191773  0.12902602537671878  0.13965721255126237  0.14997205890045523
  0.15992364700255965  0.16930386249733920  0.17853181389971576  0.18773207333183581
  0.19681897932791276  0.20577536689816589  0.21479692650057072  0.22387011032406620
  0.23279399935502265  0.24147003545988038  0.24999055811200085  0.25852776087018359
  0.26706946841049406  0.27559216821567151  0.28400380176137041  0.29226072412458365
  0.30032846725106127  0.30828695001093537  0.31624017608582949  0.32410778866425771
  0.33195128604573826  0.33974785904321775  0.34745955551671986  0.35522989119173870
  0.36298641077343496  0.37077532686261083  0.37860143874085317  0.38637509140682186
  0.39409138583416525  0.40177367282802989  0.40941345060952172  0.41703462983952644
  0.42485076511414421  0.43270049864204552  0.44045736791699963  0.44816061784218092
  0.45582162050366815  0.46349692414405413  0.47124868982851137  0.47905818203509626
  0.48685225936937510  0.49440958292840592  0.50237440859171389  0.51034797553511790
  0.51832670226770228  0.52635666727306907  0.53439803002446828  0.54239959322494691
  0.55038693590177667  0.55840757940697716  0.56643338891260531  0.57441628110129117
  0.58230905324994997  0.59016024544378753  0.59872098980466248  0.60755490770685461
  0.61638030102997554  0.62523100514180785  0.63411110503705170  0.64304423015574308
  0.65201521048287558  0.66107221344219835  0.67018275473979205  0.67937606879316903
  0.68865456900167621  0.69783179387475469  0.70753605711789624  0.71873098545742897
  0.73019238713939516  0.74162104534591522  0.75326804239244138  0.76511245878113454
  0.77719563683512660  0.78959438888879230  0.80237636087837072  0.81556355975221395
  0.82929193943573210  0.84423458647383942  0.86270929628602089  0.88249916331669653
  0.90398963269330712  0.92850542064723085  0.95931333832579624  1.00000000000000000
 -0.00256410755512729  0.00967651601196143  0.02005717792476794  0.03049938455095522
  0.04107690071190488  0.05166735431111214  0.06247977296332374  0.07348693085569975
  0.08445860332465094  0.09539517447726639  0.10629767975011969  0.11721886737546222
  0.12798266612653952  0.13864233831384457  0.14917184324701607  0.15958294080068178
  0.17000939902496828  0.18039562992325783  0.19094475853512594  0.20151781390370202
  0.21219523554642691  0.22291945642637798  0.23368835254562098  0.24446628282076821
  0.25499172195711156  0.26551052520081464  0.27565746115873591  0.28575739352931934
  0.29584874838111436  0.30575156890907995  0.31570647749699587  0.32522467578918496
  0.33489278195332661  0.34517463214228511  0.35567795529727059  0.36623353500464723
  0.37656872862295765  0.38696586966420043  0.39722484698604582  0.40756800381360608
  0.41791423831414226  0.42807446041632186  0.43821377414215729  0.44856081224506172
  0.45903038245986860  0.46965894751729398  0.48020509205453743  0.49089843775372266
  0.50158254274085090  0.51223310191632865  0.52298290148434989  0.53346606947056352
  0.54391699300796181  0.55435214711625114  0.56478911152429101  0.57547651396162403
  0.58595523923321058  0.59673633841300044  0.60744468301670296  0.61817805702030759
  0.62888986412109604  0.63945275739436314  0.64989967398511694  0.66042314827648385
  0.67096769515659194  0.68187126676242893  0.69258889436454074  0.70333048398526488
  0.71402313353827140  0.72466301200762784  0.73520614073917689  0.74549592085101790
  0.75593915192870531  0.76643434363218010  0.77704673659807022  0.78772859580666155
  0.79837784647365218  0.80909824367433514  0.81964905261639731  0.83003816397931662
  0.84033539840937144  0.85068774407516212  0.86165302978153879  0.87286799477349652
  0.88379775492951229  0.89474268734478857  0.90536467806635623  0.91627257958754327
  0.92687803493649634  0.93740122104269585  0.94794113692445781  0.95838362013952538
  0.96863896968645136  0.97901012484559080  0.98937854531364489  1.00000000000000000
  0.01156650667329824  0.01502753597475610  0.01966737860406484  0.02511470576584143
  0.03177174512485712  0.03807194133059583  0.04432094649573409  0.05050581795609931
  0.05675863849414991  0.06305279424116074  0.06935210332485438  0.07565960711568806
  0.08203954225903093  0.08845733525956515  0.09484732020555946  0.10118884642212637
  0.10774250996374897  0.11447027737634251  0.12118590452277687  0.12800121277837018
  0.13486591359322936  0.14175697275616289  0.14872562147692059  0.15579776692273861
  0.16293718722422160  0.17011789758364648  0.17736174532447802  0.18460330913190626
  0.19193948241856404  0.19928046860334694  0.20663532590662134  0.21384137636155945
  0.22095608874841741  0.22818936336222004  0.23558023320991064  0.24314889042280438
  0.25068098559320801  0.25827735252879935  0.26579431750128235  0.27354799779188232
  0.28144762676643376  0.28937981842985577  0.29725754562008505  0.30505289609306430
  0.31298409592773940  0.32112150101929560  0.32935281586746773  0.33751634194436964
  0.34562165494821356  0.35380000408829182  0.36201179749358747  0.37016634584254776
  0.37834780423257536  0.38666878617283990  0.39515807513090234  0.40386037269169883
  0.41268246133355069  0.42172324405947897  0.43103780553114346  0.44032953476586945
  0.44968816714339094  0.45922992957350101  0.46886657072130522  0.47864470816724236
  0.48862786328028496  0.49871680451008366  0.50886453479646321  0.51902819372947018
  0.52940796764961240  0.53981394615944522  0.55035628525877678  0.56097869724169425
  0.57210324028784953  0.58322663357657023  0.59479427202760982  0.60642936795693192
  0.61862336723879663  0.63093988912875310  0.64341057209562880  0.65588931016888774
  0.66861250324263033  0.68165196735943689  0.69509095305973045  0.70902729561248379
  0.72348425537462080  0.73851693432508714  0.75446975376613612  0.77146625672451208
  0.78959113521563484  0.80887151407661573  0.82948802742668670  0.85191890537419201
  0.87669403955528447  0.90552102430699999  0.94270358648583263  1.00000000000000000
 -0.01377598132182895  0.08266147997995496  0.11418439759379809  0.13585836595811029
  0.15382278221441004  0.16993961743840622  0.18432614545488382  0.19752626649057489
  0.20970181655334633  0.22092575573179557  0.23163538665234623  0.24190938939507850
  0.25178889249605074  0.26097135013677936  0.26986200803740085  0.27837056440532182
  0.28675697109503873  0.29496816110021967  0.30315080754800861  0.31107911887701317
  0.31910618768710514  0.32715525889866914  0.33496354928048255  0.34254749170908438
  0.34991751539327876  0.35707479288781480  0.36410646664897994  0.37105318456505787
  0.37784968456755114  0.38448130028516053  0.39103948946269740  0.39754743239494089
  0.40390528975134965  0.41013011467515187  0.41636190149292085  0.42255869287767228
  0.42879245907705421  0.43500295668890082  0.44123712068253607  0.44745640941088927
  0.45365615337862247  0.45988501752341332  0.46611388685525829  0.47231116949957808
  0.47849858856980521  0.48469562976250086  0.49088497791291857  0.49707022126918526
  0.50323195299913415  0.50931174286671221  0.51534845373092841  0.52140665964704946
  0.52747322331325719  0.53361867411755659  0.53983177205007182  0.54598771328308526
  0.55209559963547306  0.55812470573998063  0.56423631768717308  0.57056831176510980
  0.57702301995831462  0.58358508413162391  0.59021018959470661  0.59681113786000961
  0.60339041647810798  0.61016316204218679  0.61703408789376335  0.62395873606053986
  0.63079800831405486  0.63761749444976268  0.64451317959361953  0.65157015676538577
  0.65875798016532083  0.66600423278727816  0.67330178428041854  0.68066648602550861
  0.68819835638238369  0.69603879548250602  0.70412480888331896  0.71242059015557713
  0.72090974482920667  0.72953478198902888  0.73864627883269307  0.74788693718045807
  0.75756903282225874  0.76774397207181377  0.77859692389331181  0.78999513848402692
  0.80212354197897173  0.81507865174235417  0.82913625874943964  0.84464515923325567
  0.86222961361187789  0.88348179431164631  0.91470929904685250  1.00000000000000000
   65.960606271767702       -1.0000000000000000     
 T F F T F F F F F F F F T F F T F F F F F F F F F F F F F F F F
  <DiscreteSampler_grid>
  grouped_processes
  1 # 1 for a reference and 2 for a running grid.
  10 # Attribute 'min_bin_probing_points' of the grid.
  1 # Attribute 'grid_mode' of the grid. 1=='default',2=='initialization'
  0.0000000000000000 # Attribute 'small_contrib_threshold' of the grid.
  0.5000000000000000 # Attribute 'damping_power' of the grid.
 # binID   n_entries weight   weight_sqr   abs_weight
    10   10   2.384887823404701E+008   6.119779958438966E+016   2.384887823404701E+008
  </DiscreteSampler_grid>
