 -0.00478244907793257  0.03130726679930516  0.05314771501956323  0.07097414054315287
  0.08647988098663627  0.10086462686619396  0.11424347019249946  0.12673749641652490
  0.13863824345915901  0.15001733368486933  0.16094505023803540  0.17140465939735849
  0.18149082308978939  0.19132656852134994  0.20102432607590218  0.21058065480148935
  0.21989726029828832  0.22894504828348894  0.23778517121208417  0.24648646044955450
  0.25507419565484757  0.26350899735819477  0.27180324905826370  0.27997010803787542
  0.28806525273836658  0.29612144425781450  0.30415046417161656  0.31210398677931578
  0.31995479477053007  0.32779195845010872  0.33558637720437839  0.34331587812945086
  0.35096420905224834  0.35857005043593204  0.36619134650887242  0.37377441884784840
  0.38134289873408894  0.38888251163731125  0.39637812174684511  0.40384935930242305
  0.41122564351482577  0.41861317500666734  0.42608662574112166  0.43354594835584642
  0.44100389250202937  0.44849929869959637  0.45602303981261288  0.46354856884125673
  0.47111190449542906  0.47873547585106752  0.48638909461647095  0.49405966466748069
  0.50161183403123843  0.50859225126023555  0.51571239313166140  0.52287749880352064
  0.53039594910373866  0.53833725424720047  0.54615778450647345  0.55394043049284136
  0.56176022854159324  0.56960436009988058  0.57743142133697434  0.58511311844575664
  0.59309378157685966  0.60136396370889778  0.60969736744457714  0.61806664900327868
  0.62649462320745020  0.63496686104576927  0.64351683541157190  0.65213898851984409
  0.66082004210045175  0.66957948081935681  0.67846388791019474  0.68749422887566147
  0.69658005456498029  0.70591499165264948  0.71661949056871810  0.72720007022419808
  0.73783885986755782  0.74867496376496301  0.75971239269903945  0.77101236676449170
  0.78268377907208697  0.79488013906534816  0.80749335225269925  0.82034730268883382
  0.83365967804203611  0.84790591803169602  0.86474798938690767  0.88280199606225251
  0.90317937171742813  0.92701560400746807  0.95841549981624929  1.00000000000000000
 -0.00241984607227982  0.00976876824054617  0.02024210458960918  0.03115479458738767
  0.04189226174232692  0.05261934779987579  0.06342186853632313  0.07431025872458279
  0.08495534807030673  0.09544751237069367  0.10582509461994137  0.11608584674686216
  0.12630181433919940  0.13640077326509920  0.14668117622089896  0.15711091224961871
  0.16756451256386348  0.17802494068079452  0.18854665714747018  0.19952849447100252
  0.21036131570084804  0.22071509665284678  0.23119945106436998  0.24174543438707635
  0.25240738126992290  0.26287277282898724  0.27333142257351772  0.28386842355121489
  0.29442655605848195  0.30503782615109437  0.31571496022255702  0.32642949364171597
  0.33720355277363023  0.34803301095834382  0.35873110569700739  0.36927969609419947
  0.37972152956980498  0.39017174111818259  0.40071887877444862  0.41024246584914387
  0.41881579731669616  0.42769252603994423  0.43678954060476122  0.44732793618884814
  0.45818706836766837  0.46876679051176662  0.47942350263191802  0.49004355735497301
  0.50066717686426732  0.51155087657569753  0.52229236190429995  0.53301937753474293
  0.54382024257398187  0.55495290149154131  0.56599772594305131  0.57684306228236315
  0.58771210427599663  0.59856777591045041  0.60937217395877830  0.62016864668464466
  0.63084995288263823  0.64156507428469922  0.65240046133831919  0.66328960819737237
  0.67396645921980680  0.68450387404378565  0.69506140964988949  0.70568963991372713
  0.71634728447851481  0.72687340604447837  0.73751322825581878  0.74810904020527536
  0.75865790328385485  0.76932520929409154  0.78003796882144349  0.79067764483604952
  0.80103770470766344  0.81142132492482044  0.82185864345512927  0.83221764566549294
  0.84256356285289979  0.85288223802584617  0.86332175721142523  0.87372483032649173
  0.88433524121484774  0.89506356523280128  0.90550585826762986  0.91575458279149402
  0.92619815647462844  0.93678017765593735  0.94738530130477550  0.95813343865798550
  0.96861965157051355  0.97915097683080843  0.98943598656820486  1.00000000000000000
  0.00290056409896480  0.00376848817610062  0.00457243605205424  0.00537390359209861
  0.00734417657304989  0.00945828606936892  0.01153137792847847  0.01571789437007030
  0.02214103752692571  0.02883438579266473  0.03574226351528793  0.04257082266344053
  0.04924199861612076  0.05596230609619852  0.06272228069089654  0.06959195301672946
  0.07643770608520650  0.08329549109205817  0.09020437521852566  0.09712492083159821
  0.10410182542185044  0.11107231206344483  0.11805568466390479  0.12509185068794740
  0.13219165043513667  0.13943472741381899  0.14672588675186030  0.15404892326231179
  0.16138362358696101  0.16868933749008197  0.17594864115540179  0.18322380362917656
  0.19055495930952984  0.19794817902212944  0.20541570231117939  0.21293467191454396
  0.22051012215212645  0.22813983777117416  0.23585762811717034  0.24365024708090238
  0.25143528310933250  0.25936528007046628  0.26743017081257864  0.27552918866952697
  0.28366581530463625  0.29188580338068748  0.30016697750342036  0.30850320576000612
  0.31695878284243034  0.32553144459300709  0.33410657030327207  0.34263272368245595
  0.35114334348411530  0.35978811553504109  0.36863685210177793  0.37765563182443473
  0.38663573228219650  0.39580533757708614  0.40511021688723403  0.41449347914289558
  0.42390304415919827  0.43345515125435458  0.44333628152997123  0.45340404118781380
  0.46352855650993074  0.47373547056418674  0.48404790800159625  0.49451250051466417
  0.50518312535962251  0.51597558397348953  0.52688661799789083  0.53795176768058317
  0.54920598231674178  0.56056022658790083  0.57202242513940016  0.58364456391755326
  0.59571352878007067  0.60804200268173136  0.62092264407498809  0.63413794566312909
  0.64764119721628843  0.66128460536449873  0.67543734872712258  0.69009816989511896
  0.70538562408316696  0.72139885371945422  0.73800439049617506  0.75530646164514992
  0.77381986119656632  0.79381498256250704  0.81544854831405145  0.83848745137563285
  0.86423572633679857  0.89433257494958485  0.93472099765857208  1.00000000000000000
 -0.01792682548803448  0.09228836373957082  0.12530066340141896  0.14761277596337380
  0.16592594756123158  0.18195150201125793  0.19622582290065071  0.20911370566731499
  0.22091470478989794  0.23202026218882396  0.24240869651596386  0.25230914943670635
  0.26169219739759203  0.27071774541496302  0.27945371991958801  0.28803141787650316
  0.29632965944362721  0.30441547697274157  0.31228936458642675  0.31981612793093522
  0.32720116870318455  0.33447642566859687  0.34166519036708259  0.34880953809208709
  0.35576888395154022  0.36258489847984110  0.36927587393177086  0.37588248506970018
  0.38241216779315279  0.38888708826831891  0.39528952502288545  0.40153567825198871
  0.40771479302118635  0.41390661450045613  0.42004393095850484  0.42608967723391322
  0.43205778701946507  0.43796187936854480  0.44387207054251154  0.44982339608788779
  0.45577108532214683  0.46176385182279339  0.46777154367644869  0.47372088109422172
  0.47968324693493236  0.48564493222492011  0.49157309600926896  0.49750432001464295
  0.50340928215117819  0.50929963952339607  0.51521510536078452  0.52114814147906596
  0.52712384586578365  0.53312091664857331  0.53911224029991611  0.54513089720156849
  0.55120210437425854  0.55732071219389334  0.56344972335780708  0.56955722602491532
  0.57566821960024561  0.58181447250987550  0.58804036113105473  0.59432916937857139
  0.60064293549224101  0.60693068871804812  0.61322833678340238  0.61959810802813642
  0.62609016886875979  0.63272148375585924  0.63939478071476008  0.64614655033889679
  0.65294333302305907  0.65980644451343329  0.66684467184541751  0.67404103400457538
  0.68139453692540430  0.68886831602887177  0.69671570738564836  0.70470194048841617
  0.71181830334579399  0.71906314843826513  0.72644383418847169  0.73477871091607794
  0.74432308748996212  0.75435256147151486  0.76511502250800945  0.77659312482963994
  0.78881293978779798  0.80191851853734486  0.81629150686226393  0.83212370556871174
  0.85027265018770271  0.87248447147165920  0.90370805263633702  1.00000000000000000
   33.361070055750560       -1.0000000000000000     
 T F F T F F F F F F F F T F F T F F F F F F F F F F F F F F F F
  <DiscreteSampler_grid>
  grouped_processes
  1 # 1 for a reference and 2 for a running grid.
  10 # Attribute 'min_bin_probing_points' of the grid.
  1 # Attribute 'grid_mode' of the grid. 1=='default',2=='initialization'
  0.0000000000000000 # Attribute 'small_contrib_threshold' of the grid.
  0.5000000000000000 # Attribute 'damping_power' of the grid.
 # binID   n_entries weight   weight_sqr   abs_weight
    10   10   1.674112887670738E+008   3.568755181252162E+016   1.674112887670738E+008
  </DiscreteSampler_grid>
