 -0.00235782645829275  0.02363925209680355  0.03943807527071218  0.05436265574306849
  0.06837318429323641  0.08174822823920275  0.09414281301429840  0.10600968987632227
  0.11752626107716586  0.12884729634399145  0.13973976015665709  0.15005360944836366
  0.16020653097907356  0.17012660834248983  0.17987535751639877  0.18946658974873204
  0.19882133277885938  0.20797546398518707  0.21706005437549994  0.22605667769765395
  0.23489126300328797  0.24359921485159164  0.25221363797122770  0.26077707533324501
  0.26914922421204024  0.27733651561193312  0.28540684185961318  0.29347545001445469
  0.30153597488476458  0.30957271151746069  0.31751252518594925  0.32543276500091411
  0.33329080427585517  0.34106619421480977  0.34878951937682179  0.35654880662084631
  0.36432275939163394  0.37207740324302563  0.37975758290259498  0.38734336836152333
  0.39488148406842866  0.40242910808265869  0.40997291408672543  0.41754370600226798
  0.42532713677028811  0.43309083249755553  0.44077359132115973  0.44849839382214146
  0.45623467823162156  0.46395378585023317  0.47164847167629104  0.47925347112063704
  0.48680131554268480  0.49443137703221601  0.50221879615436393  0.51013653614566190
  0.51806622289973769  0.52591853503367159  0.53383251874655602  0.54185422753562906
  0.54993293232747698  0.55804708154050664  0.56614257032398607  0.57421183236702955
  0.58216244818264906  0.59024827352025300  0.59861915009516342  0.60723017018983683
  0.61611787007295371  0.62504390050027936  0.63410920084116273  0.64317337048999967
  0.65217015376133436  0.66128032034313122  0.67047041008487074  0.67971248989453537
  0.68895915132377461  0.69826676479298899  0.70826840790305190  0.71878251446666652
  0.73011925536208722  0.74173215603170106  0.75360842752065205  0.76579489403291001
  0.77821797289754335  0.79087082538338693  0.80391470501061624  0.81714246194483375
  0.83075634691819167  0.84573159366292705  0.86334023209915778  0.88244832027885400
  0.90348936068791663  0.92772169591322828  0.95856845374493904  1.00000000000000000
 -0.00232625385486977  0.00902429701554222  0.01894131666335640  0.02910894104186028
  0.03929398533020512  0.04940032295018836  0.05945191083351532  0.06995710371458722
  0.08055069828221439  0.09147357458047559  0.10239681834842390  0.11311629337589542
  0.12393687425649094  0.13491334024988527  0.14589294236298592  0.15679810298496813
  0.16763956814346326  0.17817022212973369  0.18862851400655270  0.19869141823253461
  0.20860258893747047  0.21852190639152230  0.22854265094519427  0.23942731527065542
  0.25016608719313133  0.26059752432356603  0.27105490747057959  0.28166930241812443
  0.29219611401037210  0.30254612090213062  0.31285611660260443  0.32360716419059260
  0.33454645571400793  0.34546908740387039  0.35625319698966368  0.36699728843432722
  0.37746971393779016  0.38796149403510355  0.39867491121755233  0.40972430565968049
  0.42073555709254123  0.43131460819133460  0.44214813976840445  0.45301967227394835
  0.46375175664909174  0.47464863284104880  0.48533234687341181  0.49627278781169659
  0.50672718409430950  0.51748171766199802  0.52785891888147329  0.53830772792006176
  0.54871858361286441  0.55920789590657694  0.56961591697829406  0.58001694025549033
  0.59041857794752417  0.60102004261532027  0.61134337877024925  0.62176089587513161
  0.63193894027502462  0.64222689016243018  0.65242640788178574  0.66275427791295272
  0.67312375487141518  0.68355021826558526  0.69391552051882655  0.70450442549645342
  0.71481699150331346  0.72519878155140649  0.73556819510509774  0.74619083858919544
  0.75667396611509463  0.76705425361401358  0.77757218216713764  0.78843053162011678
  0.79947130533148869  0.81047778680504035  0.82121420343763563  0.83170276805053256
  0.84183518837810245  0.85192582007979556  0.86203449141675437  0.87208410853881602
  0.88208001274958603  0.89199781843903858  0.90233792827601134  0.91291517841073999
  0.92381791634573640  0.93475548747743076  0.94592401464143083  0.95705579112589867
  0.96789836872301349  0.97887804094940811  0.98945249258604029  1.00000000000000000
 -0.00033628936120064  0.00606209049293988  0.01226407623740207  0.01846888077220386
  0.02477113032914859  0.03120422960044231  0.03759121477075818  0.04413249651315459
  0.05080124977671089  0.05745556771220495  0.06413646798863380  0.07082180084187498
  0.07754148114547313  0.08434850944367024  0.09122947111508503  0.09818220677108293
  0.10505748388470450  0.11192115459446732  0.11887272990820813  0.12584571582549614
  0.13282278734015257  0.13977279184356001  0.14666710888124518  0.15366610581297599
  0.16074020343848047  0.16785316687665663  0.17484500904604824  0.18187280406587797
  0.18900371732641510  0.19620436522886381  0.20345665257721601  0.21072600487430898
  0.21802300899557567  0.22532641030391284  0.23265413646572319  0.24003159914327296
  0.24748304894929710  0.25512596847833119  0.26294479651865327  0.27081353489582483
  0.27876088816121825  0.28677363921124116  0.29477638315511773  0.30285177198946583
  0.31103622955217830  0.31920810615869166  0.32736892571841941  0.33550081132592191
  0.34372926310942398  0.35209413532616057  0.36071263930613806  0.36939494440108556
  0.37801940877876744  0.38659533055477679  0.39515994439831426  0.40388810437977940
  0.41268959852158943  0.42168049461197982  0.43094913814035718  0.44028569812344243
  0.44997998395702943  0.45954188534323659  0.46935586133181501  0.47913525711213606
  0.48889583317175800  0.49873935235833833  0.50902578556399447  0.51941048042335403
  0.52987008019712400  0.54030025344414900  0.55113135662085611  0.56207941042145215
  0.57300220784196532  0.58395433890750559  0.59520788767941102  0.60672224377368489
  0.61870429060133803  0.63081217182757110  0.64304966096558380  0.65560850943526172
  0.66846731602429488  0.68154328743872594  0.69515344669624612  0.70934502302619573
  0.72406317910188500  0.73937922863102978  0.75543544973823140  0.77241771437986251
  0.79035663742494366  0.80918623777634102  0.82909066002494691  0.85048347313650141
  0.87532217889952624  0.90438864378206030  0.94205386243365707  1.00000000000000000
 -0.01491585863835943  0.08333243401518570  0.11477229249055022  0.13647777097524733
  0.15453717796786179  0.17050370075317722  0.18475869799880387  0.19798943294482019
  0.21036207247835104  0.22195408158841992  0.23303692915260069  0.24373550836206587
  0.25382107835547335  0.26331499380803924  0.27244682701997358  0.28130215826973426
  0.28988229074482957  0.29808338434922887  0.30597899027012537  0.31369465898140497
  0.32125531614862318  0.32872063552558894  0.33609553654700686  0.34335352599593227
  0.35056257216056341  0.35774683336954183  0.36490231912481230  0.37197438393467941
  0.37888379145550444  0.38553263461779980  0.39216107084100088  0.39853739335889860
  0.40477480354736323  0.41105498458110518  0.41726105462855156  0.42329926722666533
  0.42924211954641805  0.43518335441012740  0.44118183864994609  0.44725093019241724
  0.45329638557207907  0.45933258255134629  0.46541802273528726  0.47151382984805507
  0.47757865237757319  0.48363611303350107  0.48970249798559135  0.49582434017863647
  0.50200891745320331  0.50798406037463251  0.51395196227849904  0.51987118678047306
  0.52589842111397023  0.53191417464988966  0.53795952255477097  0.54409162117888110
  0.55030366262043917  0.55652385693121753  0.56280438111338238  0.56924319257468847
  0.57580861100343572  0.58242589640698161  0.58917608589304715  0.59597711836347600
  0.60271688547905578  0.60945188269506056  0.61610550656426655  0.62275452136252296
  0.62945222682916835  0.63621464734985755  0.64308009400439881  0.65003604660943493
  0.65702791342825873  0.66412324136627998  0.67143439220600942  0.67894678087813054
  0.68657124895199562  0.69429809454101787  0.70208922625903158  0.71010226082312844
  0.71869082420712105  0.72755900466553602  0.73665867191551604  0.74596810338669151
  0.75584182777548214  0.76630718294979516  0.77733485104973132  0.78898880274069427
  0.80132540808412578  0.81448472444389108  0.82863022062487424  0.84429610557737522
  0.86214456133787154  0.88390540255940686  0.91493253444535960  1.00000000000000000
   66.908158742736404       -1.0000000000000000     
 T F F T F F F F F F F F T F F T F F F F F F F F F F F F F F F F
  <DiscreteSampler_grid>
  grouped_processes
  1 # 1 for a reference and 2 for a running grid.
  10 # Attribute 'min_bin_probing_points' of the grid.
  1 # Attribute 'grid_mode' of the grid. 1=='default',2=='initialization'
  0.0000000000000000 # Attribute 'small_contrib_threshold' of the grid.
  0.5000000000000000 # Attribute 'damping_power' of the grid.
 # binID   n_entries weight   weight_sqr   abs_weight
    10   10   2.248255674895470E+008   5.217255978832554E+016   2.248255674895470E+008
  </DiscreteSampler_grid>
