 -0.00226837567311595  0.02255992886753491  0.03863660916784716  0.05422614918889511
  0.06920161476511112  0.08297637257878585  0.09566300657905830  0.10781245161113392
  0.11938934100929985  0.13050651683349179  0.14111410526030294  0.15122346459131730
  0.16121327431003177  0.17101405193060609  0.18054697042001930  0.18973599690171064
  0.19870622552285985  0.20751347222990604  0.21627890244145401  0.22503039510861181
  0.23360228042802089  0.24210118808750317  0.25056327808345558  0.25908369779152790
  0.26746636527265771  0.27567824760370802  0.28380774077686249  0.29177405906962200
  0.29973373686217758  0.30773878216043643  0.31574385934102717  0.32373981184604800
  0.33159901189071006  0.33935001555071126  0.34707246084331583  0.35479326967075375
  0.36265488417401792  0.37027940319351432  0.37790867695059305  0.38552398023046613
  0.39317304278242715  0.40081763177335344  0.40838389340216219  0.41596478215953125
  0.42358617768059886  0.43125030212951465  0.43890276728438715  0.44651832083481852
  0.45413664138814991  0.46176204997826525  0.46939899825406750  0.47706793403687314
  0.48476341362647773  0.49233241184226945  0.50000678166959922  0.50796708930903123
  0.51590862633369106  0.52379320479858404  0.53164897459387406  0.53948402922815575
  0.54727995818147623  0.55505851101613390  0.56288079214873010  0.57071387993404032
  0.57867576273700227  0.58654989658685952  0.59492767448207473  0.60376441542278736
  0.61267979834322339  0.62152094208613007  0.63033511274983478  0.63922082269493741
  0.64818913029493053  0.65726004678941641  0.66641944026515754  0.67569621638441801
  0.68513489843836672  0.69447102522265858  0.70418190573773232  0.71487777721494150
  0.72646804674664955  0.73784350184699588  0.74952686692978232  0.76148848642461942
  0.77390134529994969  0.78678461032250679  0.80003344257704068  0.81356654111013249
  0.82743094818465368  0.84165243248840038  0.86051379926320037  0.88036392733670943
  0.90198871178064877  0.92685267096668333  0.95829338752866267  1.00000000000000000
 -0.00210295958594096  0.00963901898268845  0.01972203412211094  0.03035727556320646
  0.04093527917483643  0.05133458515310752  0.06168853459758198  0.07218174270103211
  0.08268595016262505  0.09316672811197292  0.10356868977754745  0.11418395761679916
  0.12484033421927029  0.13521027466758370  0.14581433102814564  0.15608865929190890
  0.16645821709401262  0.17675086191045453  0.18716117319787126  0.19764974660030576
  0.20821659821250718  0.21864491108754411  0.22899774716539517  0.23956665115423331
  0.24989497731368596  0.26008333331940781  0.27019667536911818  0.28099591514402672
  0.29178278273874242  0.30231809877613430  0.31268986835885493  0.32361277494086005
  0.33455748689623693  0.34555014666235395  0.35647302541984760  0.36707237964291523
  0.37784275214347324  0.38858056050725176  0.39927055378489507  0.40973955856286709
  0.42026040532153597  0.43073497820370438  0.44137362965853955  0.45184265185479983
  0.46249515970797783  0.47305738481562337  0.48386165519631741  0.49469904653986579
  0.50580481004954081  0.51671854783756144  0.52772755172050634  0.53841261436579291
  0.54896091453828266  0.55931505344891086  0.56984417911962804  0.58045037056336868
  0.59116679874523936  0.60198961483890212  0.61276906093769479  0.62341693460109782
  0.63400060891504562  0.64460038811170484  0.65513361781389823  0.66548869706646452
  0.67607118810186240  0.68673667511292080  0.69733113562667981  0.70805106538182871
  0.71886703646460892  0.72961990566891277  0.74015100341191431  0.75059582713925754
  0.76116737878215368  0.77182055944156058  0.78262607857381605  0.79341141041743657
  0.80351996403697723  0.81361174235255473  0.82373186542777077  0.83389687941741775
  0.84393314599866076  0.85386873348893577  0.86412774075997045  0.87436117818907566
  0.88474716592540781  0.89504943190147890  0.90570775516097068  0.91644720977612726
  0.92716040126138854  0.93761071222908654  0.94804376091235243  0.95848677030073426
  0.96879023627704119  0.97916265835769256  0.98967599922453908  1.00000000000000000
 -0.00085656824591248  0.00602864438108132  0.01255022856659469  0.01892490486067889
  0.02538415730151634  0.03191004880323607  0.03839830631960001  0.04478835494960830
  0.05101541009105209  0.05722439383547438  0.06352005203809702  0.06995525983721489
  0.07646393335519422  0.08304280289275309  0.08978353212965171  0.09661524075908592
  0.10349667455505346  0.11058227041573919  0.11780714520944445  0.12494673901995833
  0.13173780736234045  0.13844485307926555  0.14519409875824560  0.15208504469878992
  0.15902122816596820  0.16598314230506422  0.17311398400894495  0.18028277605235737
  0.18750133869075278  0.19483258051470148  0.20220315137135461  0.20966237237206592
  0.21720546735929566  0.22473271521997479  0.23229301090189991  0.23993920770713009
  0.24766571522248512  0.25543907185290171  0.26317922101017871  0.27093598727096729
  0.27874185031894622  0.28660659164504182  0.29457435252856612  0.30275058689165474
  0.31107094569283050  0.31943846440253115  0.32778878282484819  0.33605225796394339
  0.34431959047504934  0.35266754894019203  0.36118628648605156  0.36976925703749502
  0.37835865699846727  0.38693164922215123  0.39544981904432053  0.40427584628618568
  0.41316377687596373  0.42216255259770463  0.43111363428513100  0.44034710152087903
  0.44971808828932136  0.45920642119494970  0.46879549986186225  0.47848514373389006
  0.48857804978701591  0.49881446440395205  0.50907183216210061  0.51938628018906907
  0.52952347428448765  0.53983691351694052  0.55032365775834446  0.56082985524106754
  0.57160876983963449  0.58252761364837646  0.59414557963352754  0.60583266836996741
  0.61772105074295192  0.62983099133060649  0.64208237964502224  0.65455915414540589
  0.66755356124103338  0.68128102082358133  0.69550069313915563  0.71009196085102433
  0.72513655606627347  0.74091330062269189  0.75719708684933051  0.77392224076676241
  0.79128914193802191  0.80953422528794960  0.82936549122314174  0.85129972593999448
  0.87657419062460040  0.90527393566579706  0.94268303400126441  1.00000000000000000
 -0.01565464852331024  0.08434683806094498  0.11678772352746072  0.13902261691566448
  0.15684839417370536  0.17233975518021166  0.18609603645758249  0.19896705032096129
  0.21116140835455649  0.22261863493449502  0.23350776356634623  0.24394644238428331
  0.25386989628762441  0.26331165152037106  0.27243669649903429  0.28130157268655404
  0.28989639235970127  0.29816560461265634  0.30615573855511224  0.31398331033777355
  0.32162654361104098  0.32912551238000087  0.33649865201329293  0.34372901773922648
  0.35088495909908041  0.35795243987119735  0.36491883320303964  0.37183015899969130
  0.37869015908077025  0.38547815991214296  0.39218925686564932  0.39888758053452206
  0.40564160842380376  0.41242867088844926  0.41906857074868431  0.42552475195585615
  0.43187756388052517  0.43817949096272318  0.44443816094532551  0.45072653178210259
  0.45704418008292458  0.46324215590601026  0.46930760643940150  0.47532067968397579
  0.48137206440105712  0.48749309976309796  0.49356326202134637  0.49969466447430871
  0.50579555082041339  0.51186767886266704  0.51789928042522149  0.52399340045422882
  0.53015849575338192  0.53636516968768400  0.54259091558648254  0.54883717014101641
  0.55516436034415362  0.56153976364068925  0.56782087085459976  0.57398519124636571
  0.58021546949963565  0.58648446935045395  0.59285533132890667  0.59933007466622046
  0.60574076592896853  0.61220016300551772  0.61863764181846848  0.62515237093168707
  0.63176827974049543  0.63845351443303955  0.64525515481577478  0.65220129952118577
  0.65921956008375826  0.66628939767461703  0.67348717149154158  0.68079712378571977
  0.68829433106740168  0.69611457394808318  0.70414810883343992  0.71232127515044052
  0.72065702903130258  0.72924305991340777  0.73836369164529081  0.74796786792513059
  0.75809665571479135  0.76860928292815889  0.77971251421275545  0.79131716964466881
  0.80378709622858557  0.81707656138336793  0.83131651725959066  0.84682084875486985
  0.86424338369512332  0.88562163159591067  0.91700951302004319  1.00000000000000000
   66.366363621138277       -1.0000000000000000     
 T F F T F F F F F F F F T F F T F F F F F F F F F F F F F F F F
  <DiscreteSampler_grid>
  grouped_processes
  1 # 1 for a reference and 2 for a running grid.
  10 # Attribute 'min_bin_probing_points' of the grid.
  1 # Attribute 'grid_mode' of the grid. 1=='default',2=='initialization'
  0.0000000000000000 # Attribute 'small_contrib_threshold' of the grid.
  0.5000000000000000 # Attribute 'damping_power' of the grid.
 # binID   n_entries weight   weight_sqr   abs_weight
    10   10   1.784031581857188E+008   4.255493257269652E+016   1.784031581857188E+008
  </DiscreteSampler_grid>
