 -0.00017049434910899  0.00543364624201310  0.00954648732268560  0.01421465561184194
  0.01930630944000303  0.02468601755235111  0.03047031825211049  0.03577505653016605
  0.04116238449784647  0.04687093046845759  0.05262565370324385  0.05856142159151048
  0.06472454718868746  0.07083709564901962  0.07705388713845912  0.08334405519083961
  0.08983821042064613  0.09654316820100792  0.10328771298702398  0.11028134499562510
  0.11740882076521839  0.12466321221925360  0.13227361724463529  0.14000810408778497
  0.14787357665675185  0.15606564852919583  0.16425509886168044  0.17234332606591229
  0.18078818834419261  0.18942345836470553  0.19813358567845854  0.20662037431177305
  0.21612192234110650  0.22560199327315172  0.23517360053535041  0.24495081475058997
  0.25507403435291326  0.26571666593813292  0.27618420338385724  0.28679868657845931
  0.29764671977878515  0.30905702597413431  0.32046132617516426  0.33189390531223262
  0.34344557803844478  0.35507921703338180  0.36712550580778197  0.37909329344639897
  0.39105040302094818  0.40301809857146875  0.41512273584707904  0.42778125136353579
  0.44071546960036084  0.45379279644627968  0.46686611530799632  0.47992651473647552
  0.49310899678211212  0.50658592175072426  0.52026227865399322  0.53396189859982712
  0.54764596628613871  0.56128230320816497  0.57480766268285299  0.58831818915016321
  0.60194299154382191  0.61555318647808333  0.62908999373025887  0.64255192706764686
  0.65590054410343201  0.66933930931797370  0.68267361784651492  0.69586842356947509
  0.70917120713190207  0.72252168034272235  0.73582238800384769  0.74903128533468810
  0.76214223612987897  0.77514195215486525  0.78799848599731814  0.80072103663358163
  0.81307846694710406  0.82532930598605847  0.83767044195476403  0.85041515112715382
  0.86355071349237655  0.87654672243309906  0.88931116859674653  0.90171484951254233
  0.91396520066473597  0.92624587254262025  0.93866566985143318  0.95067148848665384
  0.96342669910915846  0.97584634773500822  0.98791882044693924  1.00000000000000000
 -0.00188689420378492  0.00980040392503144  0.02002707199214577  0.03062952084734974
  0.04153205138569454  0.05201986410603109  0.06261514673895997  0.07292357706055598
  0.08345719280493864  0.09409428733901948  0.10490527174889099  0.11547431057051548
  0.12594068248135404  0.13623200969316010  0.14676046595039136  0.15730816170542547
  0.16786609530691921  0.17834343617378831  0.18853401292172076  0.19889830557332469
  0.20938224246612369  0.22039890264715689  0.23120418314399097  0.24168844221674421
  0.25207776132698007  0.26255299396416509  0.27302473781941528  0.28359040257256579
  0.29436983390867899  0.30525160963133174  0.31604502378862698  0.32666186663990981
  0.33726713274714715  0.34796367380519078  0.35866342698970166  0.36940090604718973
  0.37982645077449728  0.39026975999507296  0.40076871520001278  0.41116260568047408
  0.42186525758763560  0.43247566437532531  0.44322734039746425  0.45393657635332435
  0.46463683495712871  0.47516047108227855  0.48536293605224984  0.49542278059576766
  0.50539875098986897  0.51543400170406561  0.52547112034256238  0.53549156749750104
  0.54547697556750752  0.55544938527116239  0.56543733662975948  0.57557470170814662
  0.58577337105643346  0.59618173591021917  0.60670652697688254  0.61730570771505422
  0.62783646322846276  0.63827807926837632  0.64897851809327745  0.66004047977322711
  0.67099497568635491  0.68176435591476836  0.69258749436048239  0.70364848582171491
  0.71427796642424457  0.72467083190523340  0.73528032084285200  0.74576828830880737
  0.75656030974457877  0.76719912678367552  0.77838276967106168  0.78955107682734471
  0.80078737107450149  0.81189125676095220  0.82281098943158049  0.83365756136965363
  0.84443492694173006  0.85514141464685145  0.86574927985885619  0.87628545219125331
  0.88672395491432432  0.89699840443929413  0.90703277329171106  0.91721328731040741
  0.92758973699671354  0.93805792454140957  0.94818716455422403  0.95824510185928702
  0.96876902199128212  0.97920451018550747  0.98961180284828154  1.00000000000000000
  0.01028950365114657  0.01570063071384851  0.02144624665205284  0.02863097001617053
  0.03648700433244704  0.04411884245518606  0.05171387055533853  0.05946168998352980
  0.06731328865496805  0.07530885157724966  0.08319821422529192  0.09096242294953570
  0.09863616034879058  0.10650916637418432  0.11452076589086763  0.12251760479420931
  0.13058287567879512  0.13860142144483314  0.14675118896689157  0.15507284472535671
  0.16345451189749383  0.17169019186037351  0.17987682627633056  0.18806843282593291
  0.19645444381052918  0.20491284747913066  0.21319296183030340  0.22134031074581040
  0.22957156137854628  0.23801505236258760  0.24649135990054197  0.25491597632974211
  0.26335391784404066  0.27186583984467999  0.28032898467250816  0.28869304292246550
  0.29698870679878775  0.30517216284177545  0.31338525498528080  0.32173656469085055
  0.33015551017496125  0.33871478447474479  0.34772427748287416  0.35659347522657997
  0.36587750703555177  0.37501387188301166  0.38414246016857995  0.39333548041401806
  0.40229696023884876  0.41127459107167380  0.42057622140719980  0.42997518647950200
  0.43935632899730109  0.44854931700418149  0.45788360438567544  0.46746304279143625
  0.47714940151906632  0.48675885550582026  0.49628693431215359  0.50590488215055529
  0.51559137356779050  0.52539303116429992  0.53538351143686047  0.54536781785727528
  0.55550264645623104  0.56577589308604403  0.57630053280348736  0.58676771938528416
  0.59711874053226255  0.60737180313142491  0.61776705488543204  0.62825287218539827
  0.63893677397741278  0.64973386139554179  0.66075255403716626  0.67202895268178930
  0.68362240188057344  0.69555036579816643  0.70776701110280682  0.72010346670899084
  0.73261314743278383  0.74538379410610134  0.75823379866464580  0.77126927058532446
  0.78475824313961029  0.79854908468273711  0.81281072017043809  0.82769468290345283
  0.84332260630609623  0.85949805230215337  0.87644311521707130  0.89444802962932790
  0.91415670160510254  0.93617388385482481  0.96374293135517108  1.00000000000000000
 -0.01727332014149412  0.09996271466329179  0.13839597857942476  0.16406235502925831
  0.18489297772191682  0.20360453848755644  0.22030492355586592  0.23535892248290399
  0.24977136441170261  0.26324176190144150  0.27635146078814693  0.28930675275550916
  0.30179902346660986  0.31371524311123516  0.32493114398774126  0.33563996023022524
  0.34600597889571971  0.35612953281125775  0.36580816808299227  0.37517991829145353
  0.38458884788374487  0.39412679913406684  0.40372950118025225  0.41326685999699331
  0.42272272972919178  0.43209150295194770  0.44120886277269156  0.44998153798148954
  0.45855712261728354  0.46709948241212512  0.47570866044410764  0.48432422698072947
  0.49281624655995993  0.50117735327167656  0.50943820022289954  0.51758274590919329
  0.52560295740719465  0.53352023110863211  0.54141477720455300  0.54937245680447699
  0.55731253375608092  0.56519992976036482  0.57297948449238012  0.58066402185861699
  0.58827624982080562  0.59579511600763269  0.60323487494390227  0.61059201484659398
  0.61797461317882185  0.62533397993864559  0.63268291558030287  0.63990386446676639
  0.64714075104533997  0.65448396898187911  0.66170487051609372  0.66888381857384238
  0.67604092082930090  0.68321379096212376  0.69036093113109132  0.69740459309312652
  0.70438126240012033  0.71128293450279267  0.71813813263187609  0.72488965816910722
  0.73155273885873739  0.73821370005301545  0.74485402323069094  0.75141201618458264
  0.75781241083952655  0.76414780340380783  0.77055338094288151  0.77683321344100675
  0.78307503840136661  0.78922742747175978  0.79531953893135343  0.80139937255158478
  0.80750378113781551  0.81363498539489432  0.81974390917219775  0.82581817340553276
  0.83179210647032786  0.83804142826430061  0.84440731142655612  0.85087092982613377
  0.85741980985221533  0.86407647329134030  0.87087498460841395  0.87780600278776100
  0.88493246236193490  0.89235576801850380  0.90035656592404278  0.90912685996270926
  0.91915626696761388  0.93159244111337536  0.95148427140705916  1.00000000000000000
   8.4514156780066028       -1.0000000000000000     
 T F F T F F F F F F F F T F F T T F F T F F F F F F F F T F F T
  <DiscreteSampler_grid>
  grouped_processes
  1 # 1 for a reference and 2 for a running grid.
  10 # Attribute 'min_bin_probing_points' of the grid.
  1 # Attribute 'grid_mode' of the grid. 1=='default',2=='initialization'
  0.0000000000000000 # Attribute 'small_contrib_threshold' of the grid.
  0.5000000000000000 # Attribute 'damping_power' of the grid.
 # binID   n_entries weight   weight_sqr   abs_weight
    10   10   5.144115691426334E+008   2.765403877873183E+017   5.144115691426334E+008
    11   10   5.144115691426334E+008   2.765403877873183E+017   5.144115691426334E+008
  </DiscreteSampler_grid>
