 -0.00073332433343908  0.00637419247716734  0.01001378428151792  0.01408119988460388
  0.01768504352972784  0.02104834164082328  0.02454745909610908  0.02835752493271231
  0.03261427524946289  0.03692094572940476  0.04073250838668937  0.04449684628048851
  0.04833393433084641  0.05216825835624306  0.05604502994314077  0.05987484126582254
  0.06379188310924488  0.06774817112821642  0.07176166600369344  0.07597925960010887
  0.08024757032561797  0.08446893445906034  0.08877522988689653  0.09329754015983327
  0.09787885665887637  0.10255510582041029  0.10747433699923410  0.11256261974218428
  0.11768783128561229  0.12287444822689619  0.12825312304425376  0.13378411024647086
  0.13933430127115831  0.14495999379364588  0.15080103580678139  0.15680101578384856
  0.16284334933037595  0.16900354337556228  0.17541940886148197  0.18215278880212160
  0.18909667967203661  0.19607969372968134  0.20309773905947956  0.21044310068104460
  0.21841407871620877  0.22666641695000153  0.23522982852615504  0.24404353469085108
  0.25360916499394215  0.26425457933127594  0.27491923407065622  0.28580938541554041
  0.29755092441322090  0.31125950576700545  0.32627301386893726  0.34309536072609870
  0.36419094057736540  0.39060181894302776  0.42935956069110959  0.50434687113047239
  0.57382802501452301  0.61240914266640067  0.63786417906138038  0.65924431175097964
  0.67830296193782824  0.69557825975329934  0.71099720808213296  0.72408891666646724
  0.73651323320469475  0.74854554478028101  0.76021666053389159  0.77157544443651305
  0.78264138363482683  0.79338241715091307  0.80385644868437833  0.81406417633289418
  0.82381639895106540  0.83321381968879804  0.84242263564109221  0.85138160355376769
  0.86007703753878095  0.86866793282484922  0.87719841654857811  0.88567563627316370
  0.89408806745868652  0.90237292522595280  0.91067659606343565  0.91897952396718796
  0.92720361039085930  0.93535434159506248  0.94339936982785366  0.95145582242279092
  0.95960399047102773  0.96806825367132765  0.97687077119547916  1.00000000000000000
 -0.00267412485199956  0.01033553038732525  0.02161446592461364  0.03216541286111615
  0.04262105056666550  0.05295662519460743  0.06322667830499329  0.07347786631540754
  0.08374009821235578  0.09424477587049898  0.10520663926039822  0.11640807338765646
  0.12722923450128468  0.13783098602408436  0.14863985443764977  0.15979490556579590
  0.17074992175448400  0.18143860002936857  0.19204285145626268  0.20221778360146603
  0.21235479268361698  0.22282328464111301  0.23366169072562828  0.24433637861596305
  0.25470184369155652  0.26476889024088851  0.27455179181905209  0.28423093064520860
  0.29414759914029021  0.30467746295079645  0.31558178364792167  0.32707665054391344
  0.33854338345713458  0.35013242136878220  0.36153440749452864  0.37301522457029024
  0.38424401272647607  0.39496506390592334  0.40523892259038236  0.41523918655797204
  0.42525429689494704  0.43516284172578773  0.44530590773114143  0.45508449651945188
  0.46496740844664430  0.47488682556067346  0.48570394940192602  0.49649939208714194
  0.50739807658335667  0.51812482004872296  0.52905035397813083  0.54013015470744707
  0.55107320317849762  0.56185529827420089  0.57241822620803628  0.58313225576410677
  0.59412098359634868  0.60509140930675542  0.61598313618308476  0.62659923296456010
  0.63729165757312700  0.64778917319365170  0.65796863077053747  0.66833607134474460
  0.67873300815352389  0.68907827773770780  0.69889245141708856  0.70883770725489847
  0.71907636778445772  0.72973903606310786  0.74070414951477048  0.75125678451905931
  0.76160696715896148  0.77192011903524704  0.78196645390536912  0.79158953573174118
  0.80118155649085954  0.81107611258007128  0.82173928852260192  0.83227617176241553
  0.84275596616513382  0.85319279146839755  0.86326969085579708  0.87357828810985239
  0.88369464852247281  0.89371863871800616  0.90388322943523614  0.91420657195015909
  0.92478180471292482  0.93527358867560129  0.94604066651442231  0.95669419895451069
  0.96754778045504497  0.97828285155219941  0.98920730515887034  1.00000000000000000
  0.00488354915893510  0.02579868322309855  0.04813617361760864  0.06638608650095011
  0.08301673430959342  0.09778614224909132  0.11089536147596589  0.12270477659780345
  0.13459694442566320  0.14632598610577241  0.15654056934794203  0.16618066610393800
  0.17579178719658467  0.18517593185597445  0.19431957310634995  0.20311504531072516
  0.21204463152240635  0.22112865787103342  0.23016850858975438  0.23888120282162914
  0.24751484311171401  0.25597122202297096  0.26440973699458864  0.27281125596954192
  0.28100978683509348  0.28932938594971885  0.29759679574127290  0.30570259571849356
  0.31353191676587316  0.32106060284440935  0.32870743190526941  0.33645754991098109
  0.34453712010764204  0.35291435830247275  0.36163323116883045  0.37031724220886314
  0.37855004080109961  0.38650948916716427  0.39454165165457400  0.40271194539601823
  0.41110095990812801  0.41943936431370515  0.42752573151887246  0.43530410670002134
  0.44325477720327738  0.45144422410213408  0.45973606903245495  0.46829140328777719
  0.47685725657478217  0.48521101911085723  0.49337840720359583  0.50150056850779612
  0.50980621011223870  0.51847810294949404  0.52723720675769947  0.53569000207195649
  0.54418414135406978  0.55257580481818758  0.56115462489132240  0.56957590729342711
  0.57782630353323483  0.58618083951464772  0.59462426397701451  0.60312169118537540
  0.61158807158266448  0.61994206702867849  0.62862119395977445  0.63736860141245644
  0.64623007950250089  0.65468934384320498  0.66305327630638877  0.67140063522218152
  0.68007881714832719  0.68919301858340509  0.69865755204734392  0.70822467429741909
  0.71784393309930705  0.72767953470003466  0.73814077292475155  0.74903893208542238
  0.75955852060708318  0.76983379157012466  0.78029358702821694  0.79113985693166111
  0.80212913297018085  0.81352862445630059  0.82547326009303401  0.83795873649199626
  0.85094024830294457  0.86551464527046340  0.88120385596303519  0.89792404208044729
  0.91510138567276267  0.93452501016339407  0.95972459562959700  1.00000000000000000
 -0.01270397656104124  0.09441947893080566  0.12525525547264585  0.14492095967361013
  0.16162872805510159  0.17689844757432321  0.19119568164341721  0.20445436130814740
  0.21670664524306793  0.22802760276018960  0.23850715733252187  0.24820515294019896
  0.25748277813266751  0.26638490815501153  0.27493423570313874  0.28315590066819851
  0.29125571370133735  0.29942434501150300  0.30749866613703902  0.31553603618038967
  0.32357335952762645  0.33144982471914869  0.33934518943552394  0.34710025164634706
  0.35448032384390682  0.36125376729106751  0.36766923535709350  0.37406860619188326
  0.38017523888614885  0.38638380601116318  0.39263178537840809  0.39865668069896626
  0.40460625749052770  0.41047697384465687  0.41631479838942387  0.42225623953938646
  0.42816342586364237  0.43401260199581027  0.43981548834894368  0.44568061471928683
  0.45162588870336173  0.45766047939477222  0.46367858462821310  0.46959987470231934
  0.47550444536440223  0.48144104543118432  0.48743853174770635  0.49357357335868174
  0.49934813618073953  0.50528071642001549  0.51113584708056425  0.51726035816110705
  0.52348158948758694  0.52979642926879489  0.53619261448311206  0.54263323925077023
  0.54907108462149556  0.55539051774715809  0.56153648762767161  0.56766005550961141
  0.57381346990235649  0.58029314822440492  0.58685145998699983  0.59361887091021448
  0.60040404436121386  0.60703406334586907  0.61353103548665611  0.61989217935050323
  0.62637023631563504  0.63315860571710436  0.64015915271542800  0.64727460581854290
  0.65426868888815326  0.66115602178433963  0.66797649678459081  0.67483866904204493
  0.68183571200945570  0.68910294555981322  0.69664749407724380  0.70449236963947659
  0.71286557084486546  0.72179360687179150  0.73103922900317786  0.74050785044234990
  0.75019503814639676  0.76022908616452411  0.77069524624088270  0.78182271239324197
  0.79398562850442389  0.80725972540800006  0.82166512533975911  0.83745358889856947
  0.85524374996875263  0.87537791347997884  0.90587902386575037  1.00000000000000000
   11.377982546218011       -1.0000000000000000     
 T F F T F F F F F F F F T F F T F F F F F F F F F F F F F F F F
  <DiscreteSampler_grid>
  grouped_processes
  1 # 1 for a reference and 2 for a running grid.
  10 # Attribute 'min_bin_probing_points' of the grid.
  1 # Attribute 'grid_mode' of the grid. 1=='default',2=='initialization'
  0.0000000000000000 # Attribute 'small_contrib_threshold' of the grid.
  0.5000000000000000 # Attribute 'damping_power' of the grid.
 # binID   n_entries weight   weight_sqr   abs_weight
    10   10   3.845562624180842E+008   2.062474769959634E+017   3.845562624180842E+008
  </DiscreteSampler_grid>
