 -0.00341234190927882  0.02824482985341827  0.04471888520145089  0.05937519571708628
  0.07311725479587124  0.08644046372360412  0.09860014519395720  0.11011837697362420
  0.12146214680977364  0.13293388825955027  0.14392337271204764  0.15434508827205884
  0.16427160820657688  0.17382395203228848  0.18331866391415649  0.19274098140316903
  0.20192429293237632  0.21092282197549064  0.21984452575619667  0.22879276279553568
  0.23772165089173261  0.24647795692137622  0.25496016948496786  0.26326747718201593
  0.27144452082913140  0.27947206703089367  0.28734277802068015  0.29510873230716705
  0.30291539248219757  0.31074241751033205  0.31852880824883983  0.32633043520782679
  0.33413036891727060  0.34186670542057945  0.34958787667553659  0.35732723029862129
  0.36499072288680190  0.37262767267499186  0.38020490868610818  0.38775791488305583
  0.39527915729349999  0.40274688730611313  0.41015786294913398  0.41761967802988920
  0.42540484370353671  0.43320321583260468  0.44091399207715026  0.44857099790763949
  0.45621826604971100  0.46388193403846878  0.47154566120401753  0.47920848189257476
  0.48689045323540747  0.49460867454312085  0.50268419012636467  0.51079043786805423
  0.51884182294805814  0.52683135618962129  0.53474515653450105  0.54259026536033994
  0.55042145796364927  0.55827129051778634  0.56618862642448753  0.57416977341936859
  0.58218207124948451  0.59038207992686731  0.59894540321289302  0.60766386115327431
  0.61640905366510590  0.62516068210797826  0.63387071655142668  0.64253486514891756
  0.65130990182555881  0.66014371981301245  0.66898281857006048  0.67791749754024977
  0.68694517384539566  0.69609190201301974  0.70588813103164527  0.71702037149507536
  0.72859919789903083  0.74051284033420983  0.75246379072497960  0.76445941493707403
  0.77652749422990763  0.78878346599137894  0.80138682156291463  0.81438108556179778
  0.82774304155697842  0.84234285913968499  0.85847827904053198  0.87669931048400007
  0.89682129168551328  0.91960624334376051  0.94699238165361821  1.00000000000000000
 -0.00208262911122860  0.00906042890926324  0.01881954000499111  0.02940213489443218
  0.03980316369395889  0.05011513643388491  0.06045232865727702  0.07118086338724620
  0.08196506179520223  0.09271590590746248  0.10377745645183940  0.11495967344921541
  0.12592397339856853  0.13643707001722355  0.14691596969251197  0.15722366380853361
  0.16721996580193180  0.17705325715715708  0.18707663954130821  0.19770318827771646
  0.20817886102032579  0.21845151845275337  0.22864007316338650  0.23943856124792184
  0.25036188997878733  0.26103440900212771  0.27179686646996276  0.28211750501095312
  0.29230239158030275  0.30201292332694002  0.31174448479835637  0.32175602114857110
  0.33176468028977035  0.34212525327593968  0.35214774297820450  0.36255040327376725
  0.37303742524922884  0.38387593132146069  0.39479310460033906  0.40568165541115642
  0.41657435436973783  0.42678862048407767  0.43711129431626955  0.44752626823107505
  0.45770268231965505  0.46760032895984854  0.47734329447425594  0.48758859103934604
  0.49827551559538152  0.50916707933639205  0.52043852791781120  0.53207841220088203
  0.54370345710076218  0.55457117197977912  0.56531930548745479  0.57524948566037615
  0.58523596606077266  0.59535294677208772  0.60546975498858413  0.61557008923249656
  0.62573481167964373  0.63658000150797445  0.64758249035155291  0.65831388572829408
  0.66913177004215174  0.68011460353112818  0.69091839536099564  0.70173687176447419
  0.71262061461044723  0.72395418950975110  0.73503870004866945  0.74628910032171358
  0.75676502756463004  0.76714881968839321  0.77760350408245082  0.78806423764561395
  0.79877535412780465  0.80926549795159852  0.81991392677843034  0.83039752741971418
  0.84090227430327991  0.85113259885540005  0.86130395429303075  0.87104732905627902
  0.88092384664291012  0.89087167728799210  0.90088854305931598  0.91137682912042173
  0.92203728771673243  0.93332377524769683  0.94463343709203684  0.95598519367966928
  0.96708001524743403  0.97804872966388956  0.98919418746067878  1.00000000000000000
  0.01239365210479196  0.01710807631009043  0.02158098716086763  0.02772514543128646
  0.03469039263781549  0.04130858037597496  0.04762006473619287  0.05403501109431865
  0.06060203293440111  0.06735298677213204  0.07420537689212779  0.08100437434550449
  0.08764356750906449  0.09419669664842791  0.10081591924039410  0.10754251360878314
  0.11437609997221192  0.12121927833510425  0.12796784636079200  0.13451084305492469
  0.14092259408647653  0.14754031815247837  0.15431907227686190  0.16122073424884184
  0.16815287383510200  0.17510086862316618  0.18223896719166047  0.18939544525940719
  0.19660540304266610  0.20371784978038074  0.21099563978909028  0.21820307768432290
  0.22550102628609045  0.23253197511990034  0.23947995178903381  0.24655596568103580
  0.25383646120530684  0.26136776880696644  0.26899551764085272  0.27664078393613917
  0.28431083571221583  0.29207773983746610  0.30004588914435093  0.30812631796993478
  0.31630914281099565  0.32473207987014308  0.33332782497751146  0.34194833071223840
  0.35047721138201560  0.35894279020152653  0.36744811437707903  0.37609040184548659
  0.38490364830965834  0.39370845405031912  0.40260182074199397  0.41147591359208413
  0.42050629057012967  0.42962801869194750  0.43874606008025491  0.44797432768201717
  0.45745549759224163  0.46707820946759682  0.47679177338334372  0.48641352211352445
  0.49598330058747597  0.50568087240009407  0.51557932579080978  0.52547065647946312
  0.53524292024558418  0.54537048614932593  0.55600655178813518  0.56698248061257983
  0.57801417632333518  0.58945568133364423  0.60096280350708264  0.61217869174447792
  0.62342218709255182  0.63515445673146076  0.64710852784073314  0.65924902615396463
  0.67197934063388143  0.68555283881686535  0.69960124296094539  0.71390743288664171
  0.72870815627514274  0.74389412370279862  0.75982848126210589  0.77662051857914616
  0.79437480871321053  0.81343181432350942  0.83371014048964598  0.85521171737503276
  0.87897899614983710  0.90677848809132888  0.94347056592026513  1.00000000000000000
 -0.00397687568578392  0.08356614480719658  0.11540638901335518  0.13797700526220927
  0.15667255286754217  0.17283962539418049  0.18715247738753860  0.20025318052453756
  0.21242393687902489  0.22378162900898951  0.23464051341685191  0.24501309246650574
  0.25478706973218995  0.26393066987153330  0.27275464602029742  0.28138071555952054
  0.28993073993282764  0.29825521251608111  0.30633837363090327  0.31422740383343167
  0.32187838496200299  0.32934006822254147  0.33665838823533478  0.34382153232675239
  0.35085458655473678  0.35766513178820963  0.36413854458907263  0.37069488361147190
  0.37737992782070567  0.38397220904281615  0.39047884684446355  0.39695626360175607
  0.40343877300949710  0.40986593483745487  0.41620357971760114  0.42254854214824777
  0.42883778247590371  0.43513153156567447  0.44145760342997986  0.44783333175003914
  0.45426624453761527  0.46069945530915318  0.46711935317006797  0.47354315911839417
  0.47990536794291294  0.48617443619880840  0.49236910924086080  0.49860176090981101
  0.50474689909783799  0.51085601054535612  0.51696416275550594  0.52302384586298212
  0.52899021355763598  0.53493931803773842  0.54100413842635242  0.54722162309217293
  0.55352542294385831  0.55983608828997378  0.56612473994247547  0.57249417221403176
  0.57886837276745617  0.58524518453699437  0.59159191797507749  0.59798693313090867
  0.60442037251540659  0.61107195403133385  0.61779006339734255  0.62456146106672972
  0.63140599110460616  0.63828519305007192  0.64522520130843375  0.65232535694982907
  0.65962703882040163  0.66705027129146566  0.67449598266229038  0.68193553535279383
  0.68937138988571800  0.69705220746385943  0.70496114690594136  0.71340284501690421
  0.72220786305566809  0.73122430107160696  0.74064902259949317  0.75028548591153954
  0.76051092792976038  0.77111395304501384  0.78201648257006351  0.79329714482454861
  0.80517321780084639  0.81791984946109719  0.83183273649325473  0.84732467454974836
  0.86483024302212907  0.88602083353856420  0.91642969871511337  1.00000000000000000
   187.58296028513095       -1.0000000000000000     
 T F F T F F F F F F F F T F F T F F F F F F F F F F F F F F F F
  <DiscreteSampler_grid>
  grouped_processes
  1 # 1 for a reference and 2 for a running grid.
  10 # Attribute 'min_bin_probing_points' of the grid.
  1 # Attribute 'grid_mode' of the grid. 1=='default',2=='initialization'
  0.0000000000000000 # Attribute 'small_contrib_threshold' of the grid.
  0.5000000000000000 # Attribute 'damping_power' of the grid.
 # binID   n_entries weight   weight_sqr   abs_weight
    10   10   1.561970591944601E+008   3.517753316328126E+016   1.561970591944601E+008
  </DiscreteSampler_grid>
